#       time        depth temperature velocity_magnitude
           0    0.0102273     0.443824            0
           0    0.0306818          0.5            0
           0    0.0511364          0.5            0
           0    0.0715909          0.5            0
           0    0.0920455          0.5            0
           0       0.1125          0.5            0
           0     0.132955          0.5            0
           0     0.153409          0.5            0
           0     0.173864          0.5            0
           0     0.194318          0.5            0
           0     0.214773          0.5            0
           0     0.235227          0.5            0
           0     0.255682          0.5            0
           0     0.276136          0.5            0
           0     0.296591          0.5            0
           0     0.317045          0.5            0
           0       0.3375          0.5            0
           0     0.357955          0.5            0
           0     0.378409          0.5            0
           0     0.398864          0.5            0
           0     0.419318          0.5            0
           0     0.439773      0.55294            0
    0.100063    0.0102273   0.00965746            0
    0.100063    0.0306818    0.0292192            0
    0.100063    0.0511364     0.050014            0
    0.100063    0.0715909    0.0721678            0
    0.100063    0.0920455    0.0957738            0
    0.100063       0.1125     0.120993            0
    0.100063     0.132955     0.147939            0
    0.100063     0.153409      0.17681            0
    0.100063     0.173864     0.207752            0
    0.100063     0.194318     0.241008            0
    0.100063     0.214773     0.276773            0
    0.100063     0.235227     0.316714            0
    0.100063     0.255682     0.358473            0
    0.100063     0.276136     0.403635            0
    0.100063     0.296591     0.452637            0
    0.100063     0.317045     0.505841            0
    0.100063       0.3375     0.563836            0
    0.100063     0.357955     0.627092            0
    0.100063     0.378409     0.696388            0
    0.100063     0.398864     0.772366            0
    0.100063     0.419318     0.856048            0
    0.100063     0.439773     0.948355            0
    0.200028    0.0102273   0.00965707            0
    0.200028    0.0306818    0.0292181            0
    0.200028    0.0511364     0.050012            0
    0.200028    0.0715909    0.0721649            0
    0.200028    0.0920455    0.0957701            0
    0.200028       0.1125     0.120989            0
    0.200028     0.132955     0.147933            0
    0.200028     0.153409     0.176804            0
    0.200028     0.173864     0.207745            0
    0.200028     0.194318     0.241001            0
    0.200028     0.214773     0.276765            0
    0.200028     0.235227     0.316705            0
    0.200028     0.255682     0.358464            0
    0.200028     0.276136     0.403627            0
    0.200028     0.296591     0.452628            0
    0.200028     0.317045     0.505833            0
    0.200028       0.3375     0.563829            0
    0.200028     0.357955     0.627086            0
    0.200028     0.378409     0.696382            0
    0.200028     0.398864     0.772361            0
    0.200028     0.419318     0.856045            0
    0.200028     0.439773     0.948354            0
