#       time        depth temperature velocity_magnitude
           0    0.0102273     0.360681            0
           0    0.0306818     0.517466            0
           0    0.0511364          0.5            0
           0    0.0715909          0.5            0
           0    0.0920455          0.5            0
           0       0.1125          0.5            0
           0     0.132955          0.5            0
           0     0.153409          0.5            0
           0     0.173864          0.5            0
           0     0.194318          0.5            0
           0     0.214773          0.5            0
           0     0.235227          0.5            0
           0     0.255682          0.5            0
           0     0.276136          0.5            0
           0     0.296591          0.5            0
           0     0.317045          0.5            0
           0       0.3375          0.5            0
           0     0.357955          0.5            0
           0     0.378409          0.5            0
           0     0.398864          0.5            0
           0     0.419318     0.483276            0
           0     0.439773     0.634288            0
    0.100063    0.0102273   0.00905719            0
    0.100063    0.0306818    0.0292548            0
    0.100063    0.0511364    0.0508024            0
    0.100063    0.0715909    0.0722412            0
    0.100063    0.0920455    0.0950002            0
    0.100063       0.1125     0.121042            0
    0.100063     0.132955     0.148981            0
    0.100063     0.153409     0.176916            0
    0.100063     0.173864     0.206731            0
    0.100063     0.194318     0.241082            0
    0.100063     0.214773     0.278188            0
    0.100063     0.235227     0.315478            0
    0.100063     0.255682     0.358572            0
    0.100063     0.276136     0.405394            0
    0.100063     0.296591     0.452844            0
    0.100063     0.317045     0.504121            0
    0.100063       0.3375     0.563974            0
    0.100063     0.357955     0.629613            0
    0.100063     0.378409     0.696703            0
    0.100063     0.398864     0.769876            0
    0.100063     0.419318     0.856264            0
    0.100063     0.439773     0.952132            0
         0.2    0.0102273   0.00905719            0
         0.2    0.0306818    0.0292548            0
         0.2    0.0511364    0.0508024            0
         0.2    0.0715909    0.0722412            0
         0.2    0.0920455    0.0950002            0
         0.2       0.1125     0.121042            0
         0.2     0.132955     0.148981            0
         0.2     0.153409     0.176916            0
         0.2     0.173864     0.206731            0
         0.2     0.194318     0.241082            0
         0.2     0.214773     0.278188            0
         0.2     0.235227     0.315478            0
         0.2     0.255682     0.358572            0
         0.2     0.276136     0.405394            0
         0.2     0.296591     0.452844            0
         0.2     0.317045     0.504121            0
         0.2       0.3375     0.563974            0
         0.2     0.357955     0.629613            0
         0.2     0.378409     0.696703            0
         0.2     0.398864     0.769876            0
         0.2     0.419318     0.856264            0
         0.2     0.439773     0.952132            0
