#       time        depth temperature velocity_magnitude
           0    0.0102273     0.470964            0
           0    0.0306818          0.5            0
           0    0.0511364          0.5            0
           0    0.0715909          0.5            0
           0    0.0920455          0.5            0
           0       0.1125          0.5            0
           0     0.132955          0.5            0
           0     0.153409          0.5            0
           0     0.173864          0.5            0
           0     0.194318          0.5            0
           0     0.214773          0.5            0
           0     0.235227          0.5            0
           0     0.255682          0.5            0
           0     0.276136          0.5            0
           0     0.296591          0.5            0
           0     0.317045          0.5            0
           0       0.3375          0.5            0
           0     0.357955          0.5            0
           0     0.378409          0.5            0
           0     0.398864          0.5            0
           0     0.419318          0.5            0
           0     0.439773     0.527419            0
