#       time        depth temperature velocity_magnitude
           0    0.0102273     0.360681            0
           0    0.0306818     0.517466            0
           0    0.0511364          0.5            0
           0    0.0715909          0.5            0
           0    0.0920455          0.5            0
           0       0.1125          0.5            0
           0     0.132955          0.5            0
           0     0.153409          0.5            0
           0     0.173864          0.5            0
           0     0.194318          0.5            0
           0     0.214773          0.5            0
           0     0.235227          0.5            0
           0     0.255682          0.5            0
           0     0.276136          0.5            0
           0     0.296591          0.5            0
           0     0.317045          0.5            0
           0       0.3375          0.5            0
           0     0.357955          0.5            0
           0     0.378409          0.5            0
           0     0.398864          0.5            0
           0     0.419318     0.483276            0
           0     0.439773     0.634288            0
    0.100063    0.0102273    0.0256251            0
    0.100063    0.0306818    0.0740597            0
    0.100063    0.0511364    0.0949881            0
    0.100063    0.0715909     0.112727            0
    0.100063    0.0920455     0.131557            0
    0.100063       0.1125     0.153103            0
    0.100063     0.132955     0.176217            0
    0.100063     0.153409     0.199328            0
    0.100063     0.173864     0.223994            0
    0.100063     0.194318     0.252412            0
    0.100063     0.214773     0.283108            0
    0.100063     0.235227     0.313956            0
    0.100063     0.255682     0.349606            0
    0.100063     0.276136     0.388339            0
    0.100063     0.296591     0.427592            0
    0.100063     0.317045     0.470011            0
    0.100063       0.3375     0.519525            0
    0.100063     0.357955     0.573825            0
    0.100063     0.378409     0.629328            0
    0.100063     0.398864     0.689864            0
    0.100063     0.419318     0.767617            0
    0.100063     0.439773     0.916878            0
    0.200127    0.0102273    0.0256228            0
    0.200127    0.0306818    0.0740531            0
    0.200127    0.0511364    0.0949797            0
    0.200127    0.0715909     0.112717            0
    0.200127    0.0920455     0.131546            0
    0.200127       0.1125      0.15309            0
    0.200127     0.132955     0.176203            0
    0.200127     0.153409     0.199313            0
    0.200127     0.173864     0.223978            0
    0.200127     0.194318     0.252395            0
    0.200127     0.214773      0.28309            0
    0.200127     0.235227     0.313938            0
    0.200127     0.255682     0.349588            0
    0.200127     0.276136     0.388321            0
    0.200127     0.296591     0.427574            0
    0.200127     0.317045     0.469993            0
    0.200127       0.3375     0.519508            0
    0.200127     0.357955      0.57381            0
    0.200127     0.378409     0.629314            0
    0.200127     0.398864     0.689852            0
    0.200127     0.419318     0.767608            0
    0.200127     0.439773     0.916875            0
     0.30019    0.0102273    0.0256228            0
     0.30019    0.0306818    0.0740531            0
     0.30019    0.0511364    0.0949797            0
     0.30019    0.0715909     0.112717            0
     0.30019    0.0920455     0.131546            0
     0.30019       0.1125      0.15309            0
     0.30019     0.132955     0.176203            0
     0.30019     0.153409     0.199313            0
     0.30019     0.173864     0.223978            0
     0.30019     0.194318     0.252395            0
     0.30019     0.214773      0.28309            0
     0.30019     0.235227     0.313938            0
     0.30019     0.255682     0.349588            0
     0.30019     0.276136     0.388321            0
     0.30019     0.296591     0.427574            0
     0.30019     0.317045     0.469993            0
     0.30019       0.3375     0.519508            0
     0.30019     0.357955      0.57381            0
     0.30019     0.378409     0.629314            0
     0.30019     0.398864     0.689852            0
     0.30019     0.419318     0.767608            0
     0.30019     0.439773     0.916875            0
    0.400254    0.0102273    0.0256228            0
    0.400254    0.0306818    0.0740531            0
    0.400254    0.0511364    0.0949797            0
    0.400254    0.0715909     0.112717            0
    0.400254    0.0920455     0.131546            0
    0.400254       0.1125      0.15309            0
    0.400254     0.132955     0.176203            0
    0.400254     0.153409     0.199313            0
    0.400254     0.173864     0.223978            0
    0.400254     0.194318     0.252395            0
    0.400254     0.214773      0.28309            0
    0.400254     0.235227     0.313938            0
    0.400254     0.255682     0.349588            0
    0.400254     0.276136     0.388321            0
    0.400254     0.296591     0.427574            0
    0.400254     0.317045     0.469993            0
    0.400254       0.3375     0.519508            0
    0.400254     0.357955      0.57381            0
    0.400254     0.378409     0.629314            0
    0.400254     0.398864     0.689852            0
    0.400254     0.419318     0.767608            0
    0.400254     0.439773     0.916875            0
    0.500317    0.0102273    0.0256228            0
    0.500317    0.0306818    0.0740531            0
    0.500317    0.0511364    0.0949797            0
    0.500317    0.0715909     0.112717            0
    0.500317    0.0920455     0.131546            0
    0.500317       0.1125      0.15309            0
    0.500317     0.132955     0.176203            0
    0.500317     0.153409     0.199313            0
    0.500317     0.173864     0.223978            0
    0.500317     0.194318     0.252395            0
    0.500317     0.214773      0.28309            0
    0.500317     0.235227     0.313938            0
    0.500317     0.255682     0.349588            0
    0.500317     0.276136     0.388321            0
    0.500317     0.296591     0.427574            0
    0.500317     0.317045     0.469993            0
    0.500317       0.3375     0.519508            0
    0.500317     0.357955      0.57381            0
    0.500317     0.378409     0.629314            0
    0.500317     0.398864     0.689852            0
    0.500317     0.419318     0.767608            0
    0.500317     0.439773     0.916875            0
     0.60038    0.0102273    0.0256228            0
     0.60038    0.0306818    0.0740531            0
     0.60038    0.0511364    0.0949797            0
     0.60038    0.0715909     0.112717            0
     0.60038    0.0920455     0.131546            0
     0.60038       0.1125      0.15309            0
     0.60038     0.132955     0.176203            0
     0.60038     0.153409     0.199313            0
     0.60038     0.173864     0.223978            0
     0.60038     0.194318     0.252395            0
     0.60038     0.214773      0.28309            0
     0.60038     0.235227     0.313938            0
     0.60038     0.255682     0.349588            0
     0.60038     0.276136     0.388321            0
     0.60038     0.296591     0.427574            0
     0.60038     0.317045     0.469993            0
     0.60038       0.3375     0.519508            0
     0.60038     0.357955      0.57381            0
     0.60038     0.378409     0.629314            0
     0.60038     0.398864     0.689852            0
     0.60038     0.419318     0.767608            0
     0.60038     0.439773     0.916875            0
    0.700048    0.0102273    0.0256228            0
    0.700048    0.0306818    0.0740531            0
    0.700048    0.0511364    0.0949797            0
    0.700048    0.0715909     0.112717            0
    0.700048    0.0920455     0.131546            0
    0.700048       0.1125      0.15309            0
    0.700048     0.132955     0.176203            0
    0.700048     0.153409     0.199313            0
    0.700048     0.173864     0.223978            0
    0.700048     0.194318     0.252395            0
    0.700048     0.214773      0.28309            0
    0.700048     0.235227     0.313938            0
    0.700048     0.255682     0.349588            0
    0.700048     0.276136     0.388321            0
    0.700048     0.296591     0.427574            0
    0.700048     0.317045     0.469993            0
    0.700048       0.3375     0.519508            0
    0.700048     0.357955      0.57381            0
    0.700048     0.378409     0.629314            0
    0.700048     0.398864     0.689852            0
    0.700048     0.419318     0.767608            0
    0.700048     0.439773     0.916875            0
    0.800112    0.0102273    0.0256228            0
    0.800112    0.0306818    0.0740531            0
    0.800112    0.0511364    0.0949797            0
    0.800112    0.0715909     0.112717            0
    0.800112    0.0920455     0.131546            0
    0.800112       0.1125      0.15309            0
    0.800112     0.132955     0.176203            0
    0.800112     0.153409     0.199313            0
    0.800112     0.173864     0.223978            0
    0.800112     0.194318     0.252395            0
    0.800112     0.214773      0.28309            0
    0.800112     0.235227     0.313938            0
    0.800112     0.255682     0.349588            0
    0.800112     0.276136     0.388321            0
    0.800112     0.296591     0.427574            0
    0.800112     0.317045     0.469993            0
    0.800112       0.3375     0.519508            0
    0.800112     0.357955      0.57381            0
    0.800112     0.378409     0.629314            0
    0.800112     0.398864     0.689852            0
    0.800112     0.419318     0.767608            0
    0.800112     0.439773     0.916875            0
    0.900175    0.0102273    0.0256228            0
    0.900175    0.0306818    0.0740531            0
    0.900175    0.0511364    0.0949797            0
    0.900175    0.0715909     0.112717            0
    0.900175    0.0920455     0.131546            0
    0.900175       0.1125      0.15309            0
    0.900175     0.132955     0.176203            0
    0.900175     0.153409     0.199313            0
    0.900175     0.173864     0.223978            0
    0.900175     0.194318     0.252395            0
    0.900175     0.214773      0.28309            0
    0.900175     0.235227     0.313938            0
    0.900175     0.255682     0.349588            0
    0.900175     0.276136     0.388321            0
    0.900175     0.296591     0.427574            0
    0.900175     0.317045     0.469993            0
    0.900175       0.3375     0.519508            0
    0.900175     0.357955      0.57381            0
    0.900175     0.378409     0.629314            0
    0.900175     0.398864     0.689852            0
    0.900175     0.419318     0.767608            0
    0.900175     0.439773     0.916875            0
           1    0.0102273    0.0256228            0
           1    0.0306818    0.0740531            0
           1    0.0511364    0.0949797            0
           1    0.0715909     0.112717            0
           1    0.0920455     0.131546            0
           1       0.1125      0.15309            0
           1     0.132955     0.176203            0
           1     0.153409     0.199313            0
           1     0.173864     0.223978            0
           1     0.194318     0.252395            0
           1     0.214773      0.28309            0
           1     0.235227     0.313938            0
           1     0.255682     0.349588            0
           1     0.276136     0.388321            0
           1     0.296591     0.427574            0
           1     0.317045     0.469993            0
           1       0.3375     0.519508            0
           1     0.357955      0.57381            0
           1     0.378409     0.629314            0
           1     0.398864     0.689852            0
           1     0.419318     0.767608            0
           1     0.439773     0.916875            0
