#       time        depth temperature velocity_magnitude
           0    0.0102273     0.443824            0
           0    0.0306818          0.5            0
           0    0.0511364          0.5            0
           0    0.0715909          0.5            0
           0    0.0920455          0.5            0
           0       0.1125          0.5            0
           0     0.132955          0.5            0
           0     0.153409          0.5            0
           0     0.173864          0.5            0
           0     0.194318          0.5            0
           0     0.214773          0.5            0
           0     0.235227          0.5            0
           0     0.255682          0.5            0
           0     0.276136          0.5            0
           0     0.296591          0.5            0
           0     0.317045          0.5            0
           0       0.3375          0.5            0
           0     0.357955          0.5            0
           0     0.378409          0.5            0
           0     0.398864          0.5            0
           0     0.419318          0.5            0
           0     0.439773      0.55294            0
    0.100063    0.0102273    0.0156792            0
    0.100063    0.0306818    0.0381786            0
    0.100063    0.0511364    0.0587606            0
    0.100063    0.0715909    0.0806859            0
    0.100063    0.0920455     0.104046            0
    0.100063       0.1125        0.129            0
    0.100063     0.132955     0.155658            0
    0.100063     0.153409     0.184218            0
    0.100063     0.173864      0.21482            0
    0.100063     0.194318     0.247706            0
    0.100063     0.214773     0.283068            0
    0.100063     0.235227     0.322551            0
    0.100063     0.255682     0.363826            0
    0.100063     0.276136     0.408456            0
    0.100063     0.296591     0.456874            0
    0.100063     0.317045     0.509438            0
    0.100063       0.3375     0.566728            0
    0.100063     0.357955     0.629208            0
    0.100063     0.378409     0.697648            0
    0.100063     0.398864     0.772677            0
    0.100063     0.419318     0.855274            0
    0.100063     0.439773     0.947201            0
         0.2    0.0102273    0.0156536            0
         0.2    0.0306818    0.0381167            0
         0.2    0.0511364    0.0586665            0
         0.2    0.0715909     0.080559            0
         0.2    0.0920455     0.103887            0
         0.2       0.1125     0.128808            0
         0.2     0.132955     0.155436            0
         0.2     0.153409     0.183966            0
         0.2     0.173864     0.214543            0
         0.2     0.194318     0.247406            0
         0.2     0.214773     0.282749            0
         0.2     0.235227     0.322218            0
         0.2     0.255682     0.363485            0
         0.2     0.276136     0.408115            0
         0.2     0.296591     0.456539            0
         0.2     0.317045     0.509117            0
         0.2       0.3375      0.56643            0
         0.2     0.357955     0.628943            0
         0.2     0.378409     0.697424            0
         0.2     0.398864     0.772505            0
         0.2     0.419318     0.855162            0
         0.2     0.439773     0.947159            0
