#       time        depth temperature velocity_magnitude
           0    0.0102273     0.470964            0
           0    0.0306818          0.5            0
           0    0.0511364          0.5            0
           0    0.0715909          0.5            0
           0    0.0920455          0.5            0
           0       0.1125          0.5            0
           0     0.132955          0.5            0
           0     0.153409          0.5            0
           0     0.173864          0.5            0
           0     0.194318          0.5            0
           0     0.214773          0.5            0
           0     0.235227          0.5            0
           0     0.255682          0.5            0
           0     0.276136          0.5            0
           0     0.296591          0.5            0
           0     0.317045          0.5            0
           0       0.3375          0.5            0
           0     0.357955          0.5            0
           0     0.378409          0.5            0
           0     0.398864          0.5            0
           0     0.419318          0.5            0
           0     0.439773     0.527419            0
    0.100014    0.0102273    0.0102439            0
    0.100014    0.0306818    0.0317146            0
    0.100014    0.0511364    0.0545452            0
    0.100014    0.0715909    0.0788508            0
    0.100014    0.0920455     0.104759            0
    0.100014       0.1125     0.132903            0
    0.100014     0.132955     0.163023            0
    0.100014     0.153409     0.194729            0
    0.100014     0.173864     0.228706            0
    0.100014     0.194318      0.26516            0
    0.100014     0.214773     0.304307            0
    0.100014     0.235227     0.346368            0
    0.100014     0.255682     0.391542            0
    0.100014     0.276136       0.4399            0
    0.100014     0.296591     0.491231            0
    0.100014     0.317045     0.545608            0
    0.100014       0.3375     0.604326            0
    0.100014     0.357955     0.666843            0
    0.100014     0.378409     0.732341            0
    0.100014     0.398864      0.80227            0
    0.100014     0.419318     0.877099            0
    0.100014     0.439773     0.957369            0
         0.2    0.0102273    0.0102028            0
         0.2    0.0306818    0.0315882            0
         0.2    0.0511364    0.0543303            0
         0.2    0.0715909    0.0785459            0
         0.2    0.0920455     0.104364            0
         0.2       0.1125     0.132418            0
         0.2     0.132955     0.162452            0
         0.2     0.153409     0.194079            0
         0.2     0.173864     0.227985            0
         0.2     0.194318     0.264379            0
         0.2     0.214773     0.303478            0
         0.2     0.235227     0.345506            0
         0.2     0.255682     0.390665            0
         0.2     0.276136     0.439027            0
         0.2     0.296591     0.490382            0
         0.2     0.317045     0.544804            0
         0.2       0.3375     0.603591            0
         0.2     0.357955     0.666198            0
         0.2     0.378409     0.731807            0
         0.2     0.398864     0.801866            0
         0.2     0.419318     0.876844            0
         0.2     0.439773      0.95728            0
