#       time        depth temperature velocity_magnitude
           0      64886.4      1860.65            0
           0       194659         1973            0
           0       324432         1973            0
           0       454205         1973            0
           0       583977         1973            0
           0       713750         1973            0
           0       843523         1973            0
           0       973295         1973            0
           0  1.10307e+06         1973            0
           0  1.23284e+06         1973            0
           0  1.36261e+06         1973            0
           0  1.49239e+06         1973            0
           0  1.62216e+06         1973            0
           0  1.75193e+06         1973            0
           0   1.8817e+06         1973            0
           0  2.01148e+06         1973            0
           0  2.14125e+06         1973            0
           0  2.27102e+06         1973            0
           0   2.4008e+06         1973            0
           0  2.53057e+06         1973            0
           0  2.66034e+06         1973            0
           0  2.79011e+06         1973            0
 5.01809e+10      64886.4      991.722            0
 5.01809e+10       194659      1018.56            0
 5.01809e+10       324432         1043            0
 5.01809e+10       454205      1068.83            0
 5.01809e+10       583977      1096.09            0
 5.01809e+10       713750      1124.88            0
 5.01809e+10       843523      1155.21            0
 5.01809e+10       973295      1187.21            0
 5.01809e+10  1.10307e+06      1220.93            0
 5.01809e+10  1.23284e+06      1256.52            0
 5.01809e+10  1.36261e+06      1294.08            0
 5.01809e+10  1.49239e+06       1335.2            0
 5.01809e+10  1.62216e+06      1377.36            0
 5.01809e+10  1.75193e+06      1422.08            0
 5.01809e+10   1.8817e+06      1469.71            0
 5.01809e+10  2.01148e+06      1520.53            0
 5.01809e+10  2.14125e+06      1575.07            0
 5.01809e+10  2.27102e+06      1633.71            0
 5.01809e+10   2.4008e+06      1697.21            0
 5.01809e+10  2.53057e+06      1766.16            0
 5.01809e+10  2.66034e+06      1841.57            0
 5.01809e+10  2.79011e+06      1925.12            0
 1.00155e+11      64886.4      988.764            0
 1.00155e+11       194659       1011.4            0
 1.00155e+11       324432      1032.11            0
 1.00155e+11       454205      1054.17            0
 1.00155e+11       583977      1077.67            0
 1.00155e+11       713750      1102.75            0
 1.00155e+11       843523      1129.53            0
 1.00155e+11       973295      1158.21            0
 1.00155e+11  1.10307e+06      1188.92            0
 1.00155e+11  1.23284e+06       1221.9            0
 1.00155e+11  1.36261e+06      1257.33            0
 1.00155e+11  1.49239e+06      1296.87            0
 1.00155e+11  1.62216e+06      1338.17            0
 1.00155e+11  1.75193e+06       1382.8            0
 1.00155e+11   1.8817e+06      1431.19            0
 1.00155e+11  2.01148e+06      1483.69            0
 1.00155e+11  2.14125e+06      1540.89            0
 1.00155e+11  2.27102e+06      1603.24            0
 1.00155e+11   2.4008e+06      1671.53            0
 1.00155e+11  2.53057e+06      1746.38            0
 1.00155e+11  2.66034e+06      1828.76            0
 1.00155e+11  2.79011e+06      1920.41            0
  1.5013e+11      64886.4      988.621            0
  1.5013e+11       194659      1011.06            0
  1.5013e+11       324432      1031.59            0
  1.5013e+11       454205      1053.47            0
  1.5013e+11       583977      1076.78            0
  1.5013e+11       713750      1101.68            0
  1.5013e+11       843523       1128.3            0
  1.5013e+11       973295      1156.81            0
  1.5013e+11  1.10307e+06      1187.37            0
  1.5013e+11  1.23284e+06      1220.23            0
  1.5013e+11  1.36261e+06      1255.56            0
  1.5013e+11  1.49239e+06      1295.02            0
  1.5013e+11  1.62216e+06      1336.28            0
  1.5013e+11  1.75193e+06       1380.9            0
  1.5013e+11   1.8817e+06      1429.33            0
  1.5013e+11  2.01148e+06      1481.91            0
  1.5013e+11  2.14125e+06      1539.24            0
  1.5013e+11  2.27102e+06      1601.78            0
  1.5013e+11   2.4008e+06      1670.29            0
  1.5013e+11  2.53057e+06      1745.42            0
  1.5013e+11  2.66034e+06      1828.14            0
  1.5013e+11  2.79011e+06      1920.19            0
       2e+11      64886.4      988.614            0
       2e+11       194659      1011.04            0
       2e+11       324432      1031.56            0
       2e+11       454205      1053.43            0
       2e+11       583977      1076.73            0
       2e+11       713750      1101.63            0
       2e+11       843523      1128.24            0
       2e+11       973295      1156.74            0
       2e+11  1.10307e+06       1187.3            0
       2e+11  1.23284e+06      1220.15            0
       2e+11  1.36261e+06      1255.47            0
       2e+11  1.49239e+06      1294.93            0
       2e+11  1.62216e+06      1336.19            0
       2e+11  1.75193e+06      1380.81            0
       2e+11   1.8817e+06      1429.24            0
       2e+11  2.01148e+06      1481.83            0
       2e+11  2.14125e+06      1539.16            0
       2e+11  2.27102e+06       1601.7            0
       2e+11   2.4008e+06      1670.23            0
       2e+11  2.53057e+06      1745.38            0
       2e+11  2.66034e+06      1828.11            0
       2e+11  2.79011e+06      1920.18            0
