#       time        depth temperature velocity_magnitude
           0      64886.4      1914.93            0
           0       194659         1973            0
           0       324432         1973            0
           0       454205         1973            0
           0       583977         1973            0
           0       713750         1973            0
           0       843523         1973            0
           0       973295         1973            0
           0  1.10307e+06         1973            0
           0  1.23284e+06         1973            0
           0  1.36261e+06         1973            0
           0  1.49239e+06         1973            0
           0  1.62216e+06         1973            0
           0  1.75193e+06         1973            0
           0   1.8817e+06         1973            0
           0  2.01148e+06         1973            0
           0  2.14125e+06         1973            0
           0  2.27102e+06         1973            0
           0   2.4008e+06         1973            0
           0  2.53057e+06         1973            0
           0  2.66034e+06         1973            0
           0  2.79011e+06         1973            0
  5.0026e+10      64886.4      990.146            0
  5.0026e+10       194659      1025.54            0
  5.0026e+10       324432      1062.17            0
  5.0026e+10       454205      1099.91            0
  5.0026e+10       583977      1138.64            0
  5.0026e+10       713750      1178.96            0
  5.0026e+10       843523      1220.11            0
  5.0026e+10       973295      1261.27            0
  5.0026e+10  1.10307e+06      1303.07            0
  5.0026e+10  1.23284e+06      1345.47            0
  5.0026e+10  1.36261e+06      1388.46            0
  5.0026e+10  1.49239e+06      1432.05            0
  5.0026e+10  1.62216e+06       1476.3            0
  5.0026e+10  1.75193e+06       1521.3            0
  5.0026e+10   1.8817e+06       1567.2            0
  5.0026e+10  2.01148e+06      1614.19            0
  5.0026e+10  2.14125e+06      1663.37            0
  5.0026e+10  2.27102e+06      1714.31            0
  5.0026e+10   2.4008e+06      1766.45            0
  5.0026e+10  2.53057e+06      1821.13            0
  5.0026e+10  2.66034e+06       1878.9            0
  5.0026e+10  2.79011e+06      1940.41            0
       1e+11      64886.4      986.006            0
       1e+11       194659      1012.92            0
       1e+11       324432      1040.96            0
       1e+11       454205      1070.19            0
       1e+11       583977      1100.66            0
       1e+11       713750      1132.99            0
       1e+11       843523      1166.77            0
       1e+11       973295      1201.46            0
       1e+11  1.10307e+06      1237.72            0
       1e+11  1.23284e+06      1275.66            0
       1e+11  1.36261e+06      1315.41            0
       1e+11  1.49239e+06      1357.11            0
       1e+11  1.62216e+06      1400.92            0
       1e+11  1.75193e+06      1447.02            0
       1e+11   1.8817e+06      1495.62            0
       1e+11  2.01148e+06      1546.95            0
       1e+11  2.14125e+06      1602.25            0
       1e+11  2.27102e+06      1660.99            0
       1e+11   2.4008e+06      1722.44            0
       1e+11  2.53057e+06      1787.95            0
       1e+11  2.66034e+06         1858            0
       1e+11  2.79011e+06      1933.11            0
 1.50026e+11      64886.4      985.581            0
 1.50026e+11       194659      1011.62            0
 1.50026e+11       324432      1038.78            0
 1.50026e+11       454205      1067.13            0
 1.50026e+11       583977      1096.75            0
 1.50026e+11       713750      1128.26            0
 1.50026e+11       843523      1161.28            0
 1.50026e+11       973295      1195.31            0
 1.50026e+11  1.10307e+06         1231            0
 1.50026e+11  1.23284e+06      1268.48            0
 1.50026e+11  1.36261e+06      1307.89            0
 1.50026e+11  1.49239e+06       1349.4            0
 1.50026e+11  1.62216e+06      1393.16            0
 1.50026e+11  1.75193e+06      1439.37            0
 1.50026e+11   1.8817e+06      1488.25            0
 1.50026e+11  2.01148e+06      1540.03            0
 1.50026e+11  2.14125e+06      1595.95            0
 1.50026e+11  2.27102e+06       1655.5            0
 1.50026e+11   2.4008e+06       1717.9            0
 1.50026e+11  2.53057e+06      1784.53            0
 1.50026e+11  2.66034e+06      1855.85            0
 1.50026e+11  2.79011e+06      1932.36            0
       2e+11      64886.4      985.537            0
       2e+11       194659      1011.49            0
       2e+11       324432      1038.56            0
       2e+11       454205      1066.82            0
       2e+11       583977      1096.35            0
       2e+11       713750      1127.78            0
       2e+11       843523      1160.72            0
       2e+11       973295      1194.67            0
       2e+11  1.10307e+06       1230.3            0
       2e+11  1.23284e+06      1267.74            0
       2e+11  1.36261e+06      1307.12            0
       2e+11  1.49239e+06       1348.6            0
       2e+11  1.62216e+06      1392.36            0
       2e+11  1.75193e+06      1438.58            0
       2e+11   1.8817e+06      1487.49            0
       2e+11  2.01148e+06      1539.32            0
       2e+11  2.14125e+06       1595.3            0
       2e+11  2.27102e+06      1654.94            0
       2e+11   2.4008e+06      1717.44            0
       2e+11  2.53057e+06      1784.18            0
       2e+11  2.66034e+06      1855.63            0
       2e+11  2.79011e+06      1932.28            0
