#       time        depth temperature velocity_magnitude
           0      64886.4      1694.36            0
           0       194659      2007.93            0
           0       324432         1973            0
           0       454205         1973            0
           0       583977         1973            0
           0       713750         1973            0
           0       843523         1973            0
           0       973295         1973            0
           0  1.10307e+06         1973            0
           0  1.23284e+06         1973            0
           0  1.36261e+06         1973            0
           0  1.49239e+06         1973            0
           0  1.62216e+06         1973            0
           0  1.75193e+06         1973            0
           0   1.8817e+06         1973            0
           0  2.01148e+06         1973            0
           0  2.14125e+06         1973            0
           0  2.27102e+06         1973            0
           0   2.4008e+06         1973            0
           0  2.53057e+06         1973            0
           0  2.66034e+06         1973            0
           0  2.79011e+06         1973            0
 5.03874e+10      64886.4      982.046            0
 5.03874e+10       194659      1002.22            0
 5.03874e+10       324432      1023.74            0
 5.03874e+10       454205      1045.16            0
 5.03874e+10       583977      1067.89            0
 5.03874e+10       713750      1093.91            0
 5.03874e+10       843523      1121.82            0
 5.03874e+10       973295      1149.74            0
 5.03874e+10  1.10307e+06      1179.53            0
 5.03874e+10  1.23284e+06      1213.86            0
 5.03874e+10  1.36261e+06      1250.94            0
 5.03874e+10  1.49239e+06      1288.22            0
 5.03874e+10  1.62216e+06       1331.3            0
 5.03874e+10  1.75193e+06      1378.11            0
 5.03874e+10   1.8817e+06      1425.55            0
 5.03874e+10  2.01148e+06      1476.82            0
 5.03874e+10  2.14125e+06      1536.68            0
 5.03874e+10  2.27102e+06      1602.34            0
 5.03874e+10   2.4008e+06      1669.45            0
 5.03874e+10  2.53057e+06      1742.67            0
 5.03874e+10  2.66034e+06      1829.12            0
 5.03874e+10  2.79011e+06      1925.08            0
 1.00775e+11      64886.4      982.043            0
 1.00775e+11       194659      1002.21            0
 1.00775e+11       324432      1023.73            0
 1.00775e+11       454205      1045.14            0
 1.00775e+11       583977      1067.87            0
 1.00775e+11       713750      1093.88            0
 1.00775e+11       843523      1121.79            0
 1.00775e+11       973295       1149.7            0
 1.00775e+11  1.10307e+06      1179.49            0
 1.00775e+11  1.23284e+06      1213.81            0
 1.00775e+11  1.36261e+06      1250.89            0
 1.00775e+11  1.49239e+06      1288.16            0
 1.00775e+11  1.62216e+06      1331.24            0
 1.00775e+11  1.75193e+06      1378.05            0
 1.00775e+11   1.8817e+06      1425.49            0
 1.00775e+11  2.01148e+06      1476.77            0
 1.00775e+11  2.14125e+06      1536.63            0
 1.00775e+11  2.27102e+06      1602.29            0
 1.00775e+11   2.4008e+06      1669.42            0
 1.00775e+11  2.53057e+06      1742.64            0
 1.00775e+11  2.66034e+06       1829.1            0
 1.00775e+11  2.79011e+06      1925.07            0
 1.50336e+11      64886.4      982.043            0
 1.50336e+11       194659      1002.21            0
 1.50336e+11       324432      1023.73            0
 1.50336e+11       454205      1045.14            0
 1.50336e+11       583977      1067.87            0
 1.50336e+11       713750      1093.88            0
 1.50336e+11       843523      1121.79            0
 1.50336e+11       973295       1149.7            0
 1.50336e+11  1.10307e+06      1179.49            0
 1.50336e+11  1.23284e+06      1213.81            0
 1.50336e+11  1.36261e+06      1250.89            0
 1.50336e+11  1.49239e+06      1288.16            0
 1.50336e+11  1.62216e+06      1331.24            0
 1.50336e+11  1.75193e+06      1378.05            0
 1.50336e+11   1.8817e+06      1425.49            0
 1.50336e+11  2.01148e+06      1476.77            0
 1.50336e+11  2.14125e+06      1536.63            0
 1.50336e+11  2.27102e+06      1602.29            0
 1.50336e+11   2.4008e+06      1669.42            0
 1.50336e+11  2.53057e+06      1742.64            0
 1.50336e+11  2.66034e+06       1829.1            0
 1.50336e+11  2.79011e+06      1925.07            0
       2e+11      64886.4      982.043            0
       2e+11       194659      1002.21            0
       2e+11       324432      1023.73            0
       2e+11       454205      1045.14            0
       2e+11       583977      1067.87            0
       2e+11       713750      1093.88            0
       2e+11       843523      1121.79            0
       2e+11       973295       1149.7            0
       2e+11  1.10307e+06      1179.49            0
       2e+11  1.23284e+06      1213.81            0
       2e+11  1.36261e+06      1250.89            0
       2e+11  1.49239e+06      1288.16            0
       2e+11  1.62216e+06      1331.24            0
       2e+11  1.75193e+06      1378.05            0
       2e+11   1.8817e+06      1425.49            0
       2e+11  2.01148e+06      1476.77            0
       2e+11  2.14125e+06      1536.63            0
       2e+11  2.27102e+06      1602.29            0
       2e+11   2.4008e+06      1669.42            0
       2e+11  2.53057e+06      1742.64            0
       2e+11  2.66034e+06       1829.1            0
       2e+11  2.79011e+06      1925.07            0
