#       time        depth temperature velocity_magnitude
           0      64886.4      1914.93            0
           0       194659         1973            0
           0       324432         1973            0
           0       454205         1973            0
           0       583977         1973            0
           0       713750         1973            0
           0       843523         1973            0
           0       973295         1973            0
           0  1.10307e+06         1973            0
           0  1.23284e+06         1973            0
           0  1.36261e+06         1973            0
           0  1.49239e+06         1973            0
           0  1.62216e+06         1973            0
           0  1.75193e+06         1973            0
           0   1.8817e+06         1973            0
           0  2.01148e+06         1973            0
           0  2.14125e+06         1973            0
           0  2.27102e+06         1973            0
           0   2.4008e+06         1973            0
           0  2.53057e+06         1973            0
           0  2.66034e+06         1973            0
           0  2.79011e+06         1973            0
  5.0026e+10      64886.4      986.315            0
  5.0026e+10       194659      1014.17            0
  5.0026e+10       324432      1043.61            0
  5.0026e+10       454205      1074.64            0
  5.0026e+10       583977      1107.28            0
  5.0026e+10       713750      1142.13            0
  5.0026e+10       843523      1178.67            0
  5.0026e+10       973295      1216.24            0
  5.0026e+10  1.10307e+06      1255.48            0
  5.0026e+10  1.23284e+06      1296.41            0
  5.0026e+10  1.36261e+06      1339.09            0
  5.0026e+10  1.49239e+06      1383.55            0
  5.0026e+10  1.62216e+06      1429.83            0
  5.0026e+10  1.75193e+06      1477.85            0
  5.0026e+10   1.8817e+06      1527.29            0
  5.0026e+10  2.01148e+06      1578.21            0
  5.0026e+10  2.14125e+06      1631.78            0
  5.0026e+10  2.27102e+06      1687.53            0
  5.0026e+10   2.4008e+06      1744.83            0
  5.0026e+10  2.53057e+06       1805.1            0
  5.0026e+10  2.66034e+06      1868.91            0
  5.0026e+10  2.79011e+06      1936.94            0
       1e+11      64886.4      983.443            0
       1e+11       194659      1005.33            0
       1e+11       324432      1028.59            0
       1e+11       454205      1053.34            0
       1e+11       583977      1079.69            0
       1e+11       713750      1108.27            0
       1e+11       843523      1138.82            0
       1e+11       973295      1170.92            0
       1e+11  1.10307e+06      1205.25            0
       1e+11  1.23284e+06      1242.01            0
       1e+11  1.36261e+06      1281.41            0
       1e+11  1.49239e+06      1323.64            0
       1e+11  1.62216e+06       1368.9            0
       1e+11  1.75193e+06      1417.23            0
       1e+11   1.8817e+06      1468.41            0
       1e+11  2.01148e+06      1522.53            0
       1e+11  2.14125e+06      1580.89            0
       1e+11  2.27102e+06      1642.94            0
       1e+11   2.4008e+06      1707.89            0
       1e+11  2.53057e+06      1777.18            0
       1e+11  2.66034e+06       1851.3            0
       1e+11  2.79011e+06      1930.78            0
 1.50026e+11      64886.4      983.218            0
 1.50026e+11       194659      1004.63            0
 1.50026e+11       324432      1027.41            0
 1.50026e+11       454205      1051.66            0
 1.50026e+11       583977      1077.52            0
 1.50026e+11       713750      1105.62            0
 1.50026e+11       843523      1135.69            0
 1.50026e+11       973295      1167.36            0
 1.50026e+11  1.10307e+06      1201.31            0
 1.50026e+11  1.23284e+06      1237.74            0
 1.50026e+11  1.36261e+06      1276.88            0
 1.50026e+11  1.49239e+06      1318.94            0
 1.50026e+11  1.62216e+06      1364.12            0
 1.50026e+11  1.75193e+06      1412.47            0
 1.50026e+11   1.8817e+06      1463.78            0
 1.50026e+11  2.01148e+06      1518.16            0
 1.50026e+11  2.14125e+06      1576.89            0
 1.50026e+11  2.27102e+06      1639.44            0
 1.50026e+11   2.4008e+06      1704.99            0
 1.50026e+11  2.53057e+06      1774.99            0
 1.50026e+11  2.66034e+06      1849.91            0
 1.50026e+11  2.79011e+06       1930.3            0
       2e+11      64886.4        983.2            0
       2e+11       194659      1004.58            0
       2e+11       324432      1027.32            0
       2e+11       454205      1051.53            0
       2e+11       583977      1077.35            0
       2e+11       713750      1105.41            0
       2e+11       843523      1135.45            0
       2e+11       973295      1167.08            0
       2e+11  1.10307e+06         1201            0
       2e+11  1.23284e+06      1237.41            0
       2e+11  1.36261e+06      1276.52            0
       2e+11  1.49239e+06      1318.57            0
       2e+11  1.62216e+06      1363.74            0
       2e+11  1.75193e+06      1412.09            0
       2e+11   1.8817e+06      1463.42            0
       2e+11  2.01148e+06      1517.81            0
       2e+11  2.14125e+06      1576.58            0
       2e+11  2.27102e+06      1639.16            0
       2e+11   2.4008e+06      1704.76            0
       2e+11  2.53057e+06      1774.82            0
       2e+11  2.66034e+06      1849.81            0
       2e+11  2.79011e+06      1930.26            0
