#       time        depth temperature velocity_magnitude
           0      64886.4      1694.36            0
           0       194659      2007.93            0
           0       324432         1973            0
           0       454205         1973            0
           0       583977         1973            0
           0       713750         1973            0
           0       843523         1973            0
           0       973295         1973            0
           0  1.10307e+06         1973            0
           0  1.23284e+06         1973            0
           0  1.36261e+06         1973            0
           0  1.49239e+06         1973            0
           0  1.62216e+06         1973            0
           0  1.75193e+06         1973            0
           0   1.8817e+06         1973            0
           0  2.01148e+06         1973            0
           0  2.14125e+06         1973            0
           0  2.27102e+06         1973            0
           0   2.4008e+06         1973            0
           0  2.53057e+06         1973            0
           0  2.66034e+06         1973            0
           0  2.79011e+06         1973            0
 5.03874e+10      64886.4      999.809            0
 5.03874e+10       194659      1050.45            0
 5.03874e+10       324432       1072.3            0
 5.03874e+10       454205      1090.77            0
 5.03874e+10       583977      1110.32            0
 5.03874e+10       713750       1132.6            0
 5.03874e+10       843523      1156.42            0
 5.03874e+10       973295      1180.14            0
 5.03874e+10  1.10307e+06      1205.35            0
 5.03874e+10  1.23284e+06      1234.27            0
 5.03874e+10  1.36261e+06      1265.38            0
 5.03874e+10  1.49239e+06      1296.51            0
 5.03874e+10  1.62216e+06      1332.33            0
 5.03874e+10  1.75193e+06      1371.09            0
 5.03874e+10   1.8817e+06      1410.22            0
 5.03874e+10  2.01148e+06      1452.37            0
 5.03874e+10  2.14125e+06       1501.4            0
 5.03874e+10  2.27102e+06      1555.03            0
 5.03874e+10   2.4008e+06      1609.71            0
 5.03874e+10  2.53057e+06      1669.23            0
 5.03874e+10  2.66034e+06      1745.53            0
 5.03874e+10  2.79011e+06      1891.66            0
 1.00775e+11      64886.4      998.577            0
 1.00775e+11       194659      1046.93            0
 1.00775e+11       324432      1067.84            0
 1.00775e+11       454205      1085.57            0
 1.00775e+11       583977      1104.39            0
 1.00775e+11       713750      1125.93            0
 1.00775e+11       843523      1149.04            0
 1.00775e+11       973295      1172.15            0
 1.00775e+11  1.10307e+06      1196.81            0
 1.00775e+11  1.23284e+06      1225.22            0
 1.00775e+11  1.36261e+06      1255.92            0
 1.00775e+11  1.49239e+06      1286.77            0
 1.00775e+11  1.62216e+06      1322.42            0
 1.00775e+11  1.75193e+06      1361.16            0
 1.00775e+11   1.8817e+06      1400.43            0
 1.00775e+11  2.01148e+06      1442.86            0
 1.00775e+11  2.14125e+06       1492.4            0
 1.00775e+11  2.27102e+06      1546.74            0
 1.00775e+11   2.4008e+06      1602.29            0
 1.00775e+11  2.53057e+06      1662.88            0
 1.00775e+11  2.66034e+06       1740.7            0
 1.00775e+11  2.79011e+06      1889.91            0
 1.50336e+11      64886.4      998.563            0
 1.50336e+11       194659      1046.89            0
 1.50336e+11       324432      1067.79            0
 1.50336e+11       454205      1085.51            0
 1.50336e+11       583977      1104.32            0
 1.50336e+11       713750      1125.85            0
 1.50336e+11       843523      1148.95            0
 1.50336e+11       973295      1172.05            0
 1.50336e+11  1.10307e+06      1196.71            0
 1.50336e+11  1.23284e+06      1225.12            0
 1.50336e+11  1.36261e+06      1255.81            0
 1.50336e+11  1.49239e+06      1286.65            0
 1.50336e+11  1.62216e+06       1322.3            0
 1.50336e+11  1.75193e+06      1361.05            0
 1.50336e+11   1.8817e+06      1400.31            0
 1.50336e+11  2.01148e+06      1442.75            0
 1.50336e+11  2.14125e+06       1492.3            0
 1.50336e+11  2.27102e+06      1546.64            0
 1.50336e+11   2.4008e+06       1602.2            0
 1.50336e+11  2.53057e+06      1662.81            0
 1.50336e+11  2.66034e+06      1740.65            0
 1.50336e+11  2.79011e+06      1889.89            0
       2e+11      64886.4      998.563            0
       2e+11       194659      1046.89            0
       2e+11       324432      1067.79            0
       2e+11       454205      1085.51            0
       2e+11       583977      1104.32            0
       2e+11       713750      1125.85            0
       2e+11       843523      1148.95            0
       2e+11       973295      1172.05            0
       2e+11  1.10307e+06      1196.71            0
       2e+11  1.23284e+06      1225.11            0
       2e+11  1.36261e+06       1255.8            0
       2e+11  1.49239e+06      1286.65            0
       2e+11  1.62216e+06       1322.3            0
       2e+11  1.75193e+06      1361.04            0
       2e+11   1.8817e+06      1400.31            0
       2e+11  2.01148e+06      1442.75            0
       2e+11  2.14125e+06       1492.3            0
       2e+11  2.27102e+06      1546.64            0
       2e+11   2.4008e+06       1602.2            0
       2e+11  2.53057e+06      1662.81            0
       2e+11  2.66034e+06      1740.65            0
       2e+11  2.79011e+06      1889.89            0
