#       time        depth temperature velocity_magnitude
           0      64886.4      1860.65            0
           0       194659         1973            0
           0       324432         1973            0
           0       454205         1973            0
           0       583977         1973            0
           0       713750         1973            0
           0       843523         1973            0
           0       973295         1973            0
           0  1.10307e+06         1973            0
           0  1.23284e+06         1973            0
           0  1.36261e+06         1973            0
           0  1.49239e+06         1973            0
           0  1.62216e+06         1973            0
           0  1.75193e+06         1973            0
           0   1.8817e+06         1973            0
           0  2.01148e+06         1973            0
           0  2.14125e+06         1973            0
           0  2.27102e+06         1973            0
           0   2.4008e+06         1973            0
           0  2.53057e+06         1973            0
           0  2.66034e+06         1973            0
           0  2.79011e+06         1973            0
 5.01809e+10      64886.4      982.985            0
 5.01809e+10       194659      1003.21            0
 5.01809e+10       324432      1024.69            0
 5.01809e+10       454205      1047.54            0
 5.01809e+10       583977      1071.85            0
 5.01809e+10       713750      1097.76            0
 5.01809e+10       843523      1125.37            0
 5.01809e+10       973295      1154.87            0
 5.01809e+10  1.10307e+06      1186.39            0
 5.01809e+10  1.23284e+06      1220.15            0
 5.01809e+10  1.36261e+06      1256.32            0
 5.01809e+10  1.49239e+06      1296.57            0
 5.01809e+10  1.62216e+06       1338.5            0
 5.01809e+10  1.75193e+06      1383.69            0
 5.01809e+10   1.8817e+06      1432.56            0
 5.01809e+10  2.01148e+06      1485.47            0
 5.01809e+10  2.14125e+06      1542.97            0
 5.01809e+10  2.27102e+06      1605.55            0
 5.01809e+10   2.4008e+06      1673.97            0
 5.01809e+10  2.53057e+06      1748.88            0
 5.01809e+10  2.66034e+06       1831.3            0
 5.01809e+10  2.79011e+06      1922.16            0
 1.00155e+11      64886.4      982.645            0
 1.00155e+11       194659      1002.18            0
 1.00155e+11       324432      1022.95            0
 1.00155e+11       454205      1045.08            0
 1.00155e+11       583977      1068.66            0
 1.00155e+11       713750      1093.86            0
 1.00155e+11       843523      1120.78            0
 1.00155e+11       973295      1149.63            0
 1.00155e+11  1.10307e+06      1180.55            0
 1.00155e+11  1.23284e+06      1213.78            0
 1.00155e+11  1.36261e+06      1249.53            0
 1.00155e+11  1.49239e+06      1289.45            0
 1.00155e+11  1.62216e+06       1331.2            0
 1.00155e+11  1.75193e+06      1376.35            0
 1.00155e+11   1.8817e+06      1425.34            0
 1.00155e+11  2.01148e+06      1478.54            0
 1.00155e+11  2.14125e+06      1536.54            0
 1.00155e+11  2.27102e+06      1599.82            0
 1.00155e+11   2.4008e+06      1669.14            0
 1.00155e+11  2.53057e+06      1745.16            0
 1.00155e+11  2.66034e+06       1828.9            0
 1.00155e+11  2.79011e+06       1921.3            0
  1.5013e+11      64886.4      982.642            0
  1.5013e+11       194659      1002.17            0
  1.5013e+11       324432      1022.94            0
  1.5013e+11       454205      1045.06            0
  1.5013e+11       583977      1068.64            0
  1.5013e+11       713750      1093.83            0
  1.5013e+11       843523      1120.74            0
  1.5013e+11       973295      1149.58            0
  1.5013e+11  1.10307e+06       1180.5            0
  1.5013e+11  1.23284e+06      1213.73            0
  1.5013e+11  1.36261e+06      1249.47            0
  1.5013e+11  1.49239e+06      1289.39            0
  1.5013e+11  1.62216e+06      1331.13            0
  1.5013e+11  1.75193e+06      1376.28            0
  1.5013e+11   1.8817e+06      1425.28            0
  1.5013e+11  2.01148e+06      1478.48            0
  1.5013e+11  2.14125e+06      1536.49            0
  1.5013e+11  2.27102e+06      1599.77            0
  1.5013e+11   2.4008e+06       1669.1            0
  1.5013e+11  2.53057e+06      1745.13            0
  1.5013e+11  2.66034e+06      1828.88            0
  1.5013e+11  2.79011e+06      1921.29            0
       2e+11      64886.4      982.642            0
       2e+11       194659      1002.17            0
       2e+11       324432      1022.94            0
       2e+11       454205      1045.06            0
       2e+11       583977      1068.64            0
       2e+11       713750      1093.83            0
       2e+11       843523      1120.74            0
       2e+11       973295      1149.58            0
       2e+11  1.10307e+06       1180.5            0
       2e+11  1.23284e+06      1213.73            0
       2e+11  1.36261e+06      1249.47            0
       2e+11  1.49239e+06      1289.39            0
       2e+11  1.62216e+06      1331.13            0
       2e+11  1.75193e+06      1376.28            0
       2e+11   1.8817e+06      1425.28            0
       2e+11  2.01148e+06      1478.48            0
       2e+11  2.14125e+06      1536.49            0
       2e+11  2.27102e+06      1599.76            0
       2e+11   2.4008e+06       1669.1            0
       2e+11  2.53057e+06      1745.13            0
       2e+11  2.66034e+06      1828.88            0
       2e+11  2.79011e+06      1921.29            0
