# 1: Time step number
# 2: Time (years)
# 3: Time step size (years)
# 4: Number of mesh cells
# 5: Number of Stokes degrees of freedom
# 6: Number of temperature degrees of freedom
# 7: Iterations for temperature solver
# 8: Iterations for Stokes solver
# 9: Velocity iterations in Stokes preconditioner
# 10: Schur complement iterations in Stokes preconditioner
# 11: Visualization file name
# 12: RMS velocity (m/year)
# 13: Max. velocity (m/year)
# 14: Minimal temperature (K)
# 15: Average temperature (K)
# 16: Maximal temperature (K)
# 17: Average nondimensional temperature (K)
# 18: Outward heat flux through boundary with indicator 0 ("bottom") (W)
# 19: Outward heat flux through boundary with indicator 1 ("top") (W)
  0 0.000000000000e+00 0.000000000000e+00 49152 1268968 405570  0 4294967295 0 0 output-coolingsphere-aspect-head-gr3/solution/solution-00000 0.00000000e+00 0.00000000e+00 9.73000000e+02 1.95612077e+03 1.97300000e+03 9.83120770e-01  6.41146703e-04 1.56976218e+14 
  1 8.260224348755e+08 8.260224348755e+08 49152 1268968 405570 63 4294967295 0 0                                                           "" 0.00000000e+00 0.00000000e+00 9.73000000e+02 1.76015133e+03 1.97300000e+03 7.87151329e-01 -1.02352337e+10 2.57387313e+13 
  2 1.652044869751e+09 8.260224348755e+08 49152 1268968 405570 52 4294967295 0 0                                                           "" 0.00000000e+00 0.00000000e+00 9.73000000e+02 1.65168044e+03 1.97300000e+03 6.78680441e-01 -3.45290556e+10 8.56346821e+12 
  3 2.478067304627e+09 8.260224348755e+08 49152 1268968 405570 50 4294967295 0 0                                                           "" 0.00000000e+00 0.00000000e+00 9.73000000e+02 1.58118403e+03 1.97300000e+03 6.08184028e-01 -8.67278542e+10 6.93184489e+12 
  4 3.304089739502e+09 8.260224348755e+08 49152 1268968 405570 48 4294967295 0 0                                                           "" 0.00000000e+00 0.00000000e+00 9.73000000e+02 1.52815564e+03 1.97300000e+03 5.55155641e-01 -1.75574005e+11 6.08036649e+12 
  5 4.130112174378e+09 8.260224348755e+08 49152 1268968 405570 46 4294967295 0 0                                                           "" 0.00000000e+00 0.00000000e+00 9.73000000e+02 1.48528098e+03 1.97300000e+03 5.12280975e-01 -2.99519448e+11 5.34614254e+12 
  6 4.956134609253e+09 8.260224348755e+08 49152 1268968 405570 45 4294967295 0 0                                                           "" 0.00000000e+00 0.00000000e+00 9.73000000e+02 1.44954042e+03 1.97300000e+03 4.76540424e-01 -4.47429152e+11 4.74843510e+12 
  7 5.782157044129e+09 8.260224348755e+08 49152 1268968 405570 44 4294967295 0 0                                                           "" 0.00000000e+00 0.00000000e+00 9.73000000e+02 1.41938085e+03 1.97300000e+03 4.46380846e-01 -6.04192130e+11 4.26716649e+12 
  8 6.608179479004e+09 8.260224348755e+08 49152 1268968 405570 43 4294967295 0 0                                                           "" 0.00000000e+00 0.00000000e+00 9.73000000e+02 1.39380884e+03 1.97300000e+03 4.20808845e-01 -7.56589054e+11 3.87547237e+12 
  9 7.434201913880e+09 8.260224348755e+08 49152 1268968 405570 42 4294967295 0 0                                                           "" 0.00000000e+00 0.00000000e+00 9.73000000e+02 1.37208284e+03 1.97300000e+03 3.99082845e-01 -8.96244634e+11 3.55220615e+12 
 10 8.260224348755e+09 8.260224348755e+08 49152 1268968 405570 42 4294967295 0 0                                                           "" 0.00000000e+00 0.00000000e+00 9.73000000e+02 1.35360412e+03 1.97300000e+03 3.80604116e-01 -1.01957635e+12 3.28224019e+12 
 11 9.086246783631e+09 8.260224348755e+08 49152 1268968 405570 42 4294967295 0 0                                                           "" 0.00000000e+00 0.00000000e+00 9.73000000e+02 1.33787472e+03 1.97300000e+03 3.64874721e-01 -1.12626599e+12 3.05483358e+12 
 12 9.912269218506e+09 8.260224348755e+08 49152 1268968 405570 41 4294967295 0 0                                                           "" 0.00000000e+00 0.00000000e+00 9.73000000e+02 1.32447691e+03 1.97300000e+03 3.51476907e-01 -1.21764558e+12 2.86217989e+12 
 13 1.073829165338e+10 8.260224348755e+08 49152 1268968 405570 41 4294967295 0 0                                                           "" 0.00000000e+00 0.00000000e+00 9.73000000e+02 1.31305919e+03 1.97300000e+03 3.40059192e-01 -1.29560613e+12 2.69839932e+12 
 14 1.156431408826e+10 8.260224348755e+08 49152 1268968 405570 41 4294967295 0 0                                                           "" 0.00000000e+00 0.00000000e+00 9.73000000e+02 1.30332517e+03 1.97300000e+03 3.30325173e-01 -1.36204708e+12 2.55889318e+12 
 15 1.239033652313e+10 8.260224348755e+08 49152 1268968 405570 40 4294967295 0 0                                                           "" 0.00000000e+00 0.00000000e+00 9.73000000e+02 1.29502423e+03 1.97300000e+03 3.22024235e-01 -1.41867095e+12 2.43994541e+12 
 16 1.321635895801e+10 8.260224348755e+08 49152 1268968 405570 40 4294967295 0 0                                                           "" 0.00000000e+00 0.00000000e+00 9.73000000e+02 1.28794395e+03 1.97300000e+03 3.14943945e-01 -1.46694232e+12 2.33847979e+12 
 17 1.404238139288e+10 8.260224348755e+08 49152 1268968 405570 40 4294967295 0 0                                                           "" 0.00000000e+00 0.00000000e+00 9.73000000e+02 1.28190387e+03 1.97300000e+03 3.08903874e-01 -1.50810558e+12 2.25191014e+12 
 18 1.486840382776e+10 8.260224348755e+08 49152 1268968 405570 39 4294967295 0 0                                                           "" 0.00000000e+00 0.00000000e+00 9.73000000e+02 1.27675056e+03 1.97300000e+03 3.03750560e-01 -1.54321602e+12 2.17804357e+12 
 19 1.569442626264e+10 8.260224348755e+08 49152 1268968 405570 39 4294967295 0 0                                                           "" 0.00000000e+00 0.00000000e+00 9.73000000e+02 1.27235336e+03 1.97300000e+03 2.99353365e-01 -1.57316939e+12 2.11501305e+12 
 20 1.652044869751e+10 8.260224348755e+08 49152 1268968 405570 39 4294967295 0 0                                                           "" 0.00000000e+00 0.00000000e+00 9.73000000e+02 1.26860102e+03 1.97300000e+03 2.95601019e-01 -1.59872700e+12 2.06122660e+12 
 21 1.734647113239e+10 8.260224348755e+08 49152 1268968 405570 39 4294967295 0 0                                                           "" 0.00000000e+00 0.00000000e+00 9.73000000e+02 1.26539871e+03 1.97300000e+03 2.92398712e-01 -1.62053652e+12 2.01532624e+12 
 22 1.817249356726e+10 8.260224348755e+08 49152 1268968 405570 38 4294967295 0 0                                                           "" 0.00000000e+00 0.00000000e+00 9.73000000e+02 1.26266564e+03 1.97300000e+03 2.89665636e-01 -1.63914936e+12 1.97615365e+12 
 23 1.899851600214e+10 8.260224348755e+08 49152 1268968 405570 38 4294967295 0 0                                                           "" 0.00000000e+00 0.00000000e+00 9.73000000e+02 1.26033290e+03 1.97300000e+03 2.87332901e-01 -1.65503526e+12 1.94272095e+12 
 24 1.982453843701e+10 8.260224348755e+08 49152 1268968 405570 38 4294967295 0 0                                                           "" 0.00000000e+00 0.00000000e+00 9.73000000e+02 1.25834177e+03 1.97300000e+03 2.85341767e-01 -1.66859454e+12 1.91418562e+12 
 25 2.065056087189e+10 8.260224348755e+08 49152 1268968 405570 37 4294967295 0 0                                                           "" 0.00000000e+00 0.00000000e+00 9.73000000e+02 1.25664214e+03 1.97300000e+03 2.83642138e-01 -1.68016854e+12 1.88982914e+12 
 26 2.147658330676e+10 8.260224348755e+08 49152 1268968 405570 37 4294967295 0 0                                                           "" 0.00000000e+00 0.00000000e+00 9.73000000e+02 1.25519128e+03 1.97300000e+03 2.82191284e-01 -1.69004832e+12 1.86903867e+12 
 27 2.230260574164e+10 8.260224348755e+08 49152 1268968 405570 37 4294967295 0 0                                                           "" 0.00000000e+00 0.00000000e+00 9.73000000e+02 1.25395275e+03 1.97300000e+03 2.80952754e-01 -1.69848217e+12 1.85129147e+12 
 28 2.312862817652e+10 8.260224348755e+08 49152 1268968 405570 36 4294967295 0 0                                                           "" 0.00000000e+00 0.00000000e+00 9.73000000e+02 1.25289545e+03 1.97300000e+03 2.79895446e-01 -1.70568190e+12 1.83614157e+12 
 29 2.395465061139e+10 8.260224348755e+08 49152 1268968 405570 36 4294967295 0 0                                                           "" 0.00000000e+00 0.00000000e+00 9.73000000e+02 1.25199282e+03 1.97300000e+03 2.78992823e-01 -1.71182826e+12 1.82320852e+12 
 30 2.478067304627e+10 8.260224348755e+08 49152 1268968 405570 36 4294967295 0 0                                                           "" 0.00000000e+00 0.00000000e+00 9.73000000e+02 1.25122224e+03 1.97300000e+03 2.78222239e-01 -1.71707546e+12 1.81216766e+12 
 31 2.560669548114e+10 8.260224348755e+08 49152 1268968 405570 35 4294967295 0 0                                                           "" 0.00000000e+00 0.00000000e+00 9.73000000e+02 1.25056437e+03 1.97300000e+03 2.77564367e-01 -1.72155513e+12 1.80274195e+12 
 32 2.643271791602e+10 8.260224348755e+08 49152 1268968 405570 35 4294967295 0 0                                                           "" 0.00000000e+00 0.00000000e+00 9.73000000e+02 1.25000271e+03 1.97300000e+03 2.77002714e-01 -1.72537959e+12 1.79469498e+12 
 33 2.725874035089e+10 8.260224348755e+08 49152 1268968 405570 35 4294967295 0 0                                                           "" 0.00000000e+00 0.00000000e+00 9.73000000e+02 1.24952320e+03 1.97300000e+03 2.76523201e-01 -1.72864472e+12 1.78782497e+12 
 34 2.808476278577e+10 8.260224348755e+08 49152 1268968 405570 35 4294967295 0 0                                                           "" 0.00000000e+00 0.00000000e+00 9.73000000e+02 1.24911381e+03 1.97300000e+03 2.76113810e-01 -1.73143236e+12 1.78195970e+12 
 35 2.891078522064e+10 8.260224348755e+08 49152 1268968 405570 34 4294967295 0 0                                                           "" 0.00000000e+00 0.00000000e+00 9.73000000e+02 1.24876428e+03 1.97300000e+03 2.75764284e-01 -1.73381234e+12 1.77695217e+12 
 36 2.973680765552e+10 8.260224348755e+08 49152 1268968 405570 34 4294967295 0 0                                                           "" 0.00000000e+00 0.00000000e+00 9.73000000e+02 1.24846587e+03 1.97300000e+03 2.75465866e-01 -1.73584432e+12 1.77267690e+12 
 37 3.056283009039e+10 8.260224348755e+08 49152 1268968 405570 34 4294967295 0 0                                                           "" 0.00000000e+00 0.00000000e+00 9.73000000e+02 1.24821108e+03 1.97300000e+03 2.75211082e-01 -1.73757917e+12 1.76902678e+12 
 38 3.138885252527e+10 8.260224348755e+08 49152 1268968 405570 33 4294967295 0 0                                                           "" 0.00000000e+00 0.00000000e+00 9.73000000e+02 1.24799355e+03 1.97300000e+03 2.74993551e-01 -1.73906037e+12 1.76591038e+12 
 39 3.221487496015e+10 8.260224348755e+08 49152 1268968 405570 33 4294967295 0 0                                                           "" 0.00000000e+00 0.00000000e+00 9.73000000e+02 1.24780782e+03 1.97300000e+03 2.74807824e-01 -1.74032500e+12 1.76324964e+12 
 40 3.304089739502e+10 8.260224348755e+08 49152 1268968 405570 33 4294967295 0 0                                                           "" 0.00000000e+00 0.00000000e+00 9.73000000e+02 1.24764925e+03 1.97300000e+03 2.74649251e-01 -1.74140473e+12 1.76097792e+12 
 41 3.386691982990e+10 8.260224348755e+08 49152 1268968 405570 32 4294967295 0 0                                                           "" 0.00000000e+00 0.00000000e+00 9.73000000e+02 1.24751386e+03 1.97300000e+03 2.74513862e-01 -1.74232660e+12 1.75903835e+12 
 42 3.469294226477e+10 8.260224348755e+08 49152 1268968 405570 32 4294967295 0 0                                                           "" 0.00000000e+00 0.00000000e+00 9.73000000e+02 1.24739827e+03 1.97300000e+03 2.74398266e-01 -1.74311370e+12 1.75738234e+12 
 43 3.551896469965e+10 8.260224348755e+08 49152 1268968 405570 32 4294967295 0 0                                                           "" 0.00000000e+00 0.00000000e+00 9.73000000e+02 1.24729957e+03 1.97300000e+03 2.74299569e-01 -1.74378572e+12 1.75596844e+12 
 44 3.634498713452e+10 8.260224348755e+08 49152 1268968 405570 31 4294967295 0 0                                                           "" 0.00000000e+00 0.00000000e+00 9.73000000e+02 1.24721530e+03 1.97300000e+03 2.74215302e-01 -1.74435950e+12 1.75476125e+12 
 45 3.717100956940e+10 8.260224348755e+08 49152 1268968 405570 31 4294967295 0 0                                                           "" 0.00000000e+00 0.00000000e+00 9.73000000e+02 1.24714335e+03 1.97300000e+03 2.74143354e-01 -1.74484940e+12 1.75373054e+12 
 46 3.799703200427e+10 8.260224348755e+08 49152 1268968 405570 31 4294967295 0 0                                                           "" 0.00000000e+00 0.00000000e+00 9.73000000e+02 1.24708192e+03 1.97300000e+03 2.74081923e-01 -1.74526767e+12 1.75285051e+12 
 47 3.882305443915e+10 8.260224348755e+08 49152 1268968 405570 30 4294967295 0 0                                                           "" 0.00000000e+00 0.00000000e+00 9.73000000e+02 1.24702947e+03 1.97300000e+03 2.74029474e-01 -1.74562480e+12 1.75209914e+12 
 48 3.964907687403e+10 8.260224348755e+08 49152 1268968 405570 30 4294967295 0 0                                                           "" 0.00000000e+00 0.00000000e+00 9.73000000e+02 1.24698469e+03 1.97300000e+03 2.73984691e-01 -1.74592972e+12 1.75145761e+12 
 49 4.047509930890e+10 8.260224348755e+08 49152 1268968 405570 29 4294967295 0 0                                                           "" 0.00000000e+00 0.00000000e+00 9.73000000e+02 1.24694646e+03 1.97300000e+03 2.73946456e-01 -1.74619007e+12 1.75090986e+12 
 50 4.130112174378e+10 8.260224348755e+08 49152 1268968 405570 29 4294967295 0 0                                                           "" 0.00000000e+00 0.00000000e+00 9.73000000e+02 1.24691381e+03 1.97300000e+03 2.73913810e-01 -1.74641235e+12 1.75044219e+12 
 51 4.212714417865e+10 8.260224348755e+08 49152 1268968 405570 29 4294967295 0 0                                                           "" 0.00000000e+00 0.00000000e+00 9.73000000e+02 1.24688594e+03 1.97300000e+03 2.73885936e-01 -1.74660214e+12 1.75004288e+12 
 52 4.295316661353e+10 8.260224348755e+08 49152 1268968 405570 28 4294967295 0 0                                                           "" 0.00000000e+00 0.00000000e+00 9.73000000e+02 1.24686214e+03 1.97300000e+03 2.73862137e-01 -1.74676419e+12 1.74970195e+12 
 53 4.377918904840e+10 8.260224348755e+08 49152 1268968 405570 28 4294967295 0 0                                                           "" 0.00000000e+00 0.00000000e+00 9.73000000e+02 1.24684182e+03 1.97300000e+03 2.73841817e-01 -1.74690255e+12 1.74941086e+12 
 54 4.460521148328e+10 8.260224348755e+08 49152 1268968 405570 28 4294967295 0 0                                                           "" 0.00000000e+00 0.00000000e+00 9.73000000e+02 1.24682447e+03 1.97300000e+03 2.73824467e-01 -1.74702068e+12 1.74916232e+12 
 55 4.543123391815e+10 8.260224348755e+08 49152 1268968 405570 27 4294967295 0 0                                                           "" 0.00000000e+00 0.00000000e+00 9.73000000e+02 1.24680965e+03 1.97300000e+03 2.73809654e-01 -1.74712154e+12 1.74895011e+12 
 56 4.625725635303e+10 8.260224348755e+08 49152 1268968 405570 27 4294967295 0 0                                                           "" 0.00000000e+00 0.00000000e+00 9.73000000e+02 1.24679701e+03 1.97300000e+03 2.73797006e-01 -1.74720766e+12 1.74876893e+12 
 57 4.708327878791e+10 8.260224348755e+08 49152 1268968 405570 27 4294967295 0 0                                                           "" 0.00000000e+00 0.00000000e+00 9.73000000e+02 1.24678621e+03 1.97300000e+03 2.73786207e-01 -1.74728119e+12 1.74861423e+12 
 58 4.790930122278e+10 8.260224348755e+08 49152 1268968 405570 26 4294967295 0 0                                                           "" 0.00000000e+00 0.00000000e+00 9.73000000e+02 1.24677699e+03 1.97300000e+03 2.73776987e-01 -1.74734397e+12 1.74848214e+12 
 59 4.873532365766e+10 8.260224348755e+08 49152 1268968 405570 26 4294967295 0 0                                                           "" 0.00000000e+00 0.00000000e+00 9.73000000e+02 1.24676911e+03 1.97300000e+03 2.73769114e-01 -1.74739757e+12 1.74836936e+12 
 60 4.956134609253e+10 8.260224348755e+08 49152 1268968 405570 26 4294967295 0 0                                                           "" 0.00000000e+00 0.00000000e+00 9.73000000e+02 1.24676239e+03 1.97300000e+03 2.73762392e-01 -1.74744334e+12 1.74827307e+12 
 61 5.038736852741e+10 8.260224348755e+08 49152 1268968 405570 25 4294967295 0 0 output-coolingsphere-aspect-head-gr3/solution/solution-00001 0.00000000e+00 0.00000000e+00 9.73000000e+02 1.24675665e+03 1.97300000e+03 2.73756653e-01 -1.74748242e+12 1.74819086e+12 
 62 5.121339096228e+10 8.260224348755e+08 49152 1268968 405570 25 4294967295 0 0                                                           "" 0.00000000e+00 0.00000000e+00 9.73000000e+02 1.24675175e+03 1.97300000e+03 2.73751753e-01 -1.74751578e+12 1.74812066e+12 
 63 5.203941339716e+10 8.260224348755e+08 49152 1268968 405570 25 4294967295 0 0                                                           "" 0.00000000e+00 0.00000000e+00 9.73000000e+02 1.24674757e+03 1.97300000e+03 2.73747569e-01 -1.74754427e+12 1.74806073e+12 
 64 5.286543583203e+10 8.260224348755e+08 49152 1268968 405570 24 4294967295 0 0                                                           "" 0.00000000e+00 0.00000000e+00 9.73000000e+02 1.24674400e+03 1.97300000e+03 2.73743997e-01 -1.74756859e+12 1.74800955e+12 
 65 5.369145826691e+10 8.260224348755e+08 49152 1268968 405570 24 4294967295 0 0                                                           "" 0.00000000e+00 0.00000000e+00 9.73000000e+02 1.24674095e+03 1.97300000e+03 2.73740947e-01 -1.74758936e+12 1.74796586e+12 
 66 5.451748070179e+10 8.260224348755e+08 49152 1268968 405570 24 4294967295 0 0                                                           "" 0.00000000e+00 0.00000000e+00 9.73000000e+02 1.24673834e+03 1.97300000e+03 2.73738343e-01 -1.74760709e+12 1.74792856e+12 
 67 5.534350313666e+10 8.260224348755e+08 49152 1268968 405570 23 4294967295 0 0                                                           "" 0.00000000e+00 0.00000000e+00 9.73000000e+02 1.24673612e+03 1.97300000e+03 2.73736119e-01 -1.74762223e+12 1.74789670e+12 
 68 5.616952557154e+10 8.260224348755e+08 49152 1268968 405570 23 4294967295 0 0                                                           "" 0.00000000e+00 0.00000000e+00 9.73000000e+02 1.24673422e+03 1.97300000e+03 2.73734221e-01 -1.74763516e+12 1.74786951e+12 
 69 5.699554800641e+10 8.260224348755e+08 49152 1268968 405570 23 4294967295 0 0                                                           "" 0.00000000e+00 0.00000000e+00 9.73000000e+02 1.24673260e+03 1.97300000e+03 2.73732600e-01 -1.74764619e+12 1.74784629e+12 
 70 5.782157044129e+10 8.260224348755e+08 49152 1268968 405570 22 4294967295 0 0                                                           "" 0.00000000e+00 0.00000000e+00 9.73000000e+02 1.24673122e+03 1.97300000e+03 2.73731216e-01 -1.74765562e+12 1.74782646e+12 
 71 5.864759287616e+10 8.260224348755e+08 49152 1268968 405570 22 4294967295 0 0                                                           "" 0.00000000e+00 0.00000000e+00 9.73000000e+02 1.24673003e+03 1.97300000e+03 2.73730034e-01 -1.74766366e+12 1.74780953e+12 
 72 5.947361531104e+10 8.260224348755e+08 49152 1268968 405570 22 4294967295 0 0                                                           "" 0.00000000e+00 0.00000000e+00 9.73000000e+02 1.24672903e+03 1.97300000e+03 2.73729025e-01 -1.74767053e+12 1.74779508e+12 
 73 6.029963774591e+10 8.260224348755e+08 49152 1268968 405570 21 4294967295 0 0                                                           "" 0.00000000e+00 0.00000000e+00 9.73000000e+02 1.24672816e+03 1.97300000e+03 2.73728164e-01 -1.74767640e+12 1.74778274e+12 
 74 6.112566018079e+10 8.260224348755e+08 49152 1268968 405570 21 4294967295 0 0                                                           "" 0.00000000e+00 0.00000000e+00 9.73000000e+02 1.24672743e+03 1.97300000e+03 2.73727428e-01 -1.74768141e+12 1.74777220e+12 
 75 6.195168261567e+10 8.260224348755e+08 49152 1268968 405570 21 4294967295 0 0                                                           "" 0.00000000e+00 0.00000000e+00 9.73000000e+02 1.24672680e+03 1.97300000e+03 2.73726800e-01 -1.74768568e+12 1.74776321e+12 
 76 6.277770505054e+10 8.260224348755e+08 49152 1268968 405570 21 4294967295 0 0                                                           "" 0.00000000e+00 0.00000000e+00 9.73000000e+02 1.24672626e+03 1.97300000e+03 2.73726264e-01 -1.74768933e+12 1.74775552e+12 
 77 6.360372748542e+10 8.260224348755e+08 49152 1268968 405570 20 4294967295 0 0                                                           "" 0.00000000e+00 0.00000000e+00 9.73000000e+02 1.24672581e+03 1.97300000e+03 2.73725806e-01 -1.74769245e+12 1.74774897e+12 
 78 6.442974992029e+10 8.260224348755e+08 49152 1268968 405570 20 4294967295 0 0                                                           "" 0.00000000e+00 0.00000000e+00 9.73000000e+02 1.24672542e+03 1.97300000e+03 2.73725415e-01 -1.74769511e+12 1.74774337e+12 
 79 6.525577235517e+10 8.260224348755e+08 49152 1268968 405570 20 4294967295 0 0                                                           "" 0.00000000e+00 0.00000000e+00 9.73000000e+02 1.24672508e+03 1.97300000e+03 2.73725082e-01 -1.74769738e+12 1.74773858e+12 
 80 6.608179479004e+10 8.260224348755e+08 49152 1268968 405570 19 4294967295 0 0                                                           "" 0.00000000e+00 0.00000000e+00 9.73000000e+02 1.24672480e+03 1.97300000e+03 2.73724797e-01 -1.74769932e+12 1.74773450e+12 
 81 6.690781722492e+10 8.260224348755e+08 49152 1268968 405570 19 4294967295 0 0                                                           "" 0.00000000e+00 0.00000000e+00 9.73000000e+02 1.24672455e+03 1.97300000e+03 2.73724553e-01 -1.74770098e+12 1.74773102e+12 
 82 6.773383965979e+10 8.260224348755e+08 49152 1268968 405570 19 4294967295 0 0                                                           "" 0.00000000e+00 0.00000000e+00 9.73000000e+02 1.24672435e+03 1.97300000e+03 2.73724346e-01 -1.74770240e+12 1.74772804e+12 
 83 6.855986209467e+10 8.260224348755e+08 49152 1268968 405570 18 4294967295 0 0                                                           "" 0.00000000e+00 0.00000000e+00 9.73000000e+02 1.24672417e+03 1.97300000e+03 2.73724168e-01 -1.74770360e+12 1.74772550e+12 
 84 6.938588452955e+10 8.260224348755e+08 49152 1268968 405570 18 4294967295 0 0                                                           "" 0.00000000e+00 0.00000000e+00 9.73000000e+02 1.24672402e+03 1.97300000e+03 2.73724017e-01 -1.74770463e+12 1.74772333e+12 
 85 7.021190696442e+10 8.260224348755e+08 49152 1268968 405570 18 4294967295 0 0                                                           "" 0.00000000e+00 0.00000000e+00 9.73000000e+02 1.24672389e+03 1.97300000e+03 2.73723887e-01 -1.74770552e+12 1.74772148e+12 
 86 7.103792939930e+10 8.260224348755e+08 49152 1268968 405570 17 4294967295 0 0                                                           "" 0.00000000e+00 0.00000000e+00 9.73000000e+02 1.24672378e+03 1.97300000e+03 2.73723777e-01 -1.74770627e+12 1.74771990e+12 
 87 7.186395183417e+10 8.260224348755e+08 49152 1268968 405570 17 4294967295 0 0                                                           "" 0.00000000e+00 0.00000000e+00 9.73000000e+02 1.24672368e+03 1.97300000e+03 2.73723683e-01 -1.74770691e+12 1.74771855e+12 
 88 7.268997426905e+10 8.260224348755e+08 49152 1268968 405570 17 4294967295 0 0                                                           "" 0.00000000e+00 0.00000000e+00 9.73000000e+02 1.24672360e+03 1.97300000e+03 2.73723602e-01 -1.74770746e+12 1.74771739e+12 
 89 7.351599670392e+10 8.260224348755e+08 49152 1268968 405570 17 4294967295 0 0                                                           "" 0.00000000e+00 0.00000000e+00 9.73000000e+02 1.24672353e+03 1.97300000e+03 2.73723534e-01 -1.74770792e+12 1.74771641e+12 
 90 7.434201913880e+10 8.260224348755e+08 49152 1268968 405570 16 4294967295 0 0                                                           "" 0.00000000e+00 0.00000000e+00 9.73000000e+02 1.24672347e+03 1.97300000e+03 2.73723475e-01 -1.74770832e+12 1.74771557e+12 
 91 7.516804157367e+10 8.260224348755e+08 49152 1268968 405570 16 4294967295 0 0                                                           "" 0.00000000e+00 0.00000000e+00 9.73000000e+02 1.24672342e+03 1.97300000e+03 2.73723425e-01 -1.74770867e+12 1.74771485e+12 
 92 7.599406400855e+10 8.260224348755e+08 49152 1268968 405570 16 4294967295 0 0                                                           "" 0.00000000e+00 0.00000000e+00 9.73000000e+02 1.24672338e+03 1.97300000e+03 2.73723382e-01 -1.74770896e+12 1.74771424e+12 
 93 7.682008644343e+10 8.260224348755e+08 49152 1268968 405570 15 4294967295 0 0                                                           "" 0.00000000e+00 0.00000000e+00 9.73000000e+02 1.24672335e+03 1.97300000e+03 2.73723345e-01 -1.74770921e+12 1.74771371e+12 
 94 7.764610887830e+10 8.260224348755e+08 49152 1268968 405570 15 4294967295 0 0                                                           "" 0.00000000e+00 0.00000000e+00 9.73000000e+02 1.24672331e+03 1.97300000e+03 2.73723314e-01 -1.74770942e+12 1.74771327e+12 
 95 7.847213131318e+10 8.260224348755e+08 49152 1268968 405570 15 4294967295 0 0                                                           "" 0.00000000e+00 0.00000000e+00 9.73000000e+02 1.24672329e+03 1.97300000e+03 2.73723288e-01 -1.74770960e+12 1.74771289e+12 
 96 7.929815374805e+10 8.260224348755e+08 49152 1268968 405570 14 4294967295 0 0                                                           "" 0.00000000e+00 0.00000000e+00 9.73000000e+02 1.24672326e+03 1.97300000e+03 2.73723265e-01 -1.74770975e+12 1.74771256e+12 
 97 8.012417618293e+10 8.260224348755e+08 49152 1268968 405570 14 4294967295 0 0                                                           "" 0.00000000e+00 0.00000000e+00 9.73000000e+02 1.24672325e+03 1.97300000e+03 2.73723246e-01 -1.74770989e+12 1.74771228e+12 
 98 8.095019861780e+10 8.260224348755e+08 49152 1268968 405570 14 4294967295 0 0                                                           "" 0.00000000e+00 0.00000000e+00 9.73000000e+02 1.24672323e+03 1.97300000e+03 2.73723229e-01 -1.74771000e+12 1.74771205e+12 
 99 8.177622105268e+10 8.260224348755e+08 49152 1268968 405570 13 4294967295 0 0                                                           "" 0.00000000e+00 0.00000000e+00 9.73000000e+02 1.24672321e+03 1.97300000e+03 2.73723215e-01 -1.74771009e+12 1.74771184e+12 
100 8.260224348755e+10 8.260224348755e+08 49152 1268968 405570 13 4294967295 0 0                                                           "" 0.00000000e+00 0.00000000e+00 9.73000000e+02 1.24672320e+03 1.97300000e+03 2.73723203e-01 -1.74771018e+12 1.74771167e+12 
101 8.342826592243e+10 8.260224348755e+08 49152 1268968 405570 13 4294967295 0 0                                                           "" 0.00000000e+00 0.00000000e+00 9.73000000e+02 1.24672319e+03 1.97300000e+03 2.73723192e-01 -1.74771025e+12 1.74771152e+12 
102 8.425428835730e+10 8.260224348755e+08 49152 1268968 405570 12 4294967295 0 0                                                           "" 0.00000000e+00 0.00000000e+00 9.73000000e+02 1.24672318e+03 1.97300000e+03 2.73723184e-01 -1.74771031e+12 1.74771140e+12 
103 8.508031079218e+10 8.260224348755e+08 49152 1268968 405570 12 4294967295 0 0                                                           "" 0.00000000e+00 0.00000000e+00 9.73000000e+02 1.24672318e+03 1.97300000e+03 2.73723176e-01 -1.74771036e+12 1.74771129e+12 
104 8.590633322706e+10 8.260224348755e+08 49152 1268968 405570 12 4294967295 0 0                                                           "" 0.00000000e+00 0.00000000e+00 9.73000000e+02 1.24672317e+03 1.97300000e+03 2.73723170e-01 -1.74771040e+12 1.74771120e+12 
105 8.673235566193e+10 8.260224348755e+08 49152 1268968 405570 12 4294967295 0 0                                                           "" 0.00000000e+00 0.00000000e+00 9.73000000e+02 1.24672316e+03 1.97300000e+03 2.73723164e-01 -1.74771044e+12 1.74771112e+12 
106 8.755837809681e+10 8.260224348755e+08 49152 1268968 405570 11 4294967295 0 0                                                           "" 0.00000000e+00 0.00000000e+00 9.73000000e+02 1.24672316e+03 1.97300000e+03 2.73723159e-01 -1.74771047e+12 1.74771105e+12 
107 8.838440053168e+10 8.260224348755e+08 49152 1268968 405570 11 4294967295 0 0                                                           "" 0.00000000e+00 0.00000000e+00 9.73000000e+02 1.24672316e+03 1.97300000e+03 2.73723155e-01 -1.74771050e+12 1.74771099e+12 
108 8.921042296656e+10 8.260224348755e+08 49152 1268968 405570 11 4294967295 0 0                                                           "" 0.00000000e+00 0.00000000e+00 9.73000000e+02 1.24672315e+03 1.97300000e+03 2.73723152e-01 -1.74771052e+12 1.74771094e+12 
109 9.003644540143e+10 8.260224348755e+08 49152 1268968 405570 10 4294967295 0 0                                                           "" 0.00000000e+00 0.00000000e+00 9.73000000e+02 1.24672315e+03 1.97300000e+03 2.73723149e-01 -1.74771054e+12 1.74771090e+12 
110 9.086246783631e+10 8.260224348755e+08 49152 1268968 405570 10 4294967295 0 0                                                           "" 0.00000000e+00 0.00000000e+00 9.73000000e+02 1.24672315e+03 1.97300000e+03 2.73723147e-01 -1.74771056e+12 1.74771087e+12 
111 9.168849027118e+10 8.260224348755e+08 49152 1268968 405570 10 4294967295 0 0                                                           "" 0.00000000e+00 0.00000000e+00 9.73000000e+02 1.24672314e+03 1.97300000e+03 2.73723145e-01 -1.74771057e+12 1.74771084e+12 
112 9.251451270606e+10 8.260224348755e+08 49152 1268968 405570  9 4294967295 0 0                                                           "" 0.00000000e+00 0.00000000e+00 9.73000000e+02 1.24672314e+03 1.97300000e+03 2.73723143e-01 -1.74771059e+12 1.74771081e+12 
113 9.334053514094e+10 8.260224348755e+08 49152 1268968 405570  9 4294967295 0 0                                                           "" 0.00000000e+00 0.00000000e+00 9.73000000e+02 1.24672314e+03 1.97300000e+03 2.73723141e-01 -1.74771060e+12 1.74771079e+12 
114 9.416655757581e+10 8.260224348755e+08 49152 1268968 405570  9 4294967295 0 0                                                           "" 0.00000000e+00 0.00000000e+00 9.73000000e+02 1.24672314e+03 1.97300000e+03 2.73723140e-01 -1.74771060e+12 1.74771077e+12 
115 9.499258001069e+10 8.260224348755e+08 49152 1268968 405570  8 4294967295 0 0                                                           "" 0.00000000e+00 0.00000000e+00 9.73000000e+02 1.24672314e+03 1.97300000e+03 2.73723139e-01 -1.74771061e+12 1.74771075e+12 
116 9.581860244556e+10 8.260224348755e+08 49152 1268968 405570  8 4294967295 0 0                                                           "" 0.00000000e+00 0.00000000e+00 9.73000000e+02 1.24672314e+03 1.97300000e+03 2.73723138e-01 -1.74771062e+12 1.74771074e+12 
117 9.664462488044e+10 8.260224348755e+08 49152 1268968 405570  8 4294967295 0 0                                                           "" 0.00000000e+00 0.00000000e+00 9.73000000e+02 1.24672314e+03 1.97300000e+03 2.73723137e-01 -1.74771062e+12 1.74771073e+12 
118 9.747064731531e+10 8.260224348755e+08 49152 1268968 405570  8 4294967295 0 0                                                           "" 0.00000000e+00 0.00000000e+00 9.73000000e+02 1.24672314e+03 1.97300000e+03 2.73723136e-01 -1.74771063e+12 1.74771072e+12 
119 9.829666975019e+10 8.260224348755e+08 49152 1268968 405570  7 4294967295 0 0                                                           "" 0.00000000e+00 0.00000000e+00 9.73000000e+02 1.24672314e+03 1.97300000e+03 2.73723136e-01 -1.74771063e+12 1.74771071e+12 
120 9.912269218506e+10 8.260224348755e+08 49152 1268968 405570  7 4294967295 0 0                                                           "" 0.00000000e+00 0.00000000e+00 9.73000000e+02 1.24672314e+03 1.97300000e+03 2.73723135e-01 -1.74771064e+12 1.74771070e+12 
121 9.994871461994e+10 8.260224348755e+08 49152 1268968 405570  7 4294967295 0 0                                                           "" 0.00000000e+00 0.00000000e+00 9.73000000e+02 1.24672313e+03 1.97300000e+03 2.73723135e-01 -1.74771064e+12 1.74771070e+12 
122 1.007747370548e+11 8.260224348755e+08 49152 1268968 405570  6 4294967295 0 0 output-coolingsphere-aspect-head-gr3/solution/solution-00002 0.00000000e+00 0.00000000e+00 9.73000000e+02 1.24672313e+03 1.97300000e+03 2.73723134e-01 -1.74771064e+12 1.74771069e+12 
123 1.016007594897e+11 8.260224348755e+08 49152 1268968 405570  6 4294967295 0 0                                                           "" 0.00000000e+00 0.00000000e+00 9.73000000e+02 1.24672313e+03 1.97300000e+03 2.73723134e-01 -1.74771064e+12 1.74771069e+12 
124 1.024267819246e+11 8.260224348755e+08 49152 1268968 405570  5 4294967295 0 0                                                           "" 0.00000000e+00 0.00000000e+00 9.73000000e+02 1.24672313e+03 1.97300000e+03 2.73723134e-01 -1.74771065e+12 1.74771068e+12 
125 1.032528043594e+11 8.260224348755e+08 49152 1268968 405570  5 4294967295 0 0                                                           "" 0.00000000e+00 0.00000000e+00 9.73000000e+02 1.24672313e+03 1.97300000e+03 2.73723133e-01 -1.74771065e+12 1.74771068e+12 
126 1.040788267943e+11 8.260224348755e+08 49152 1268968 405570  5 4294967295 0 0                                                           "" 0.00000000e+00 0.00000000e+00 9.73000000e+02 1.24672313e+03 1.97300000e+03 2.73723133e-01 -1.74771065e+12 1.74771068e+12 
127 1.049048492292e+11 8.260224348755e+08 49152 1268968 405570  5 4294967295 0 0                                                           "" 0.00000000e+00 0.00000000e+00 9.73000000e+02 1.24672313e+03 1.97300000e+03 2.73723133e-01 -1.74771065e+12 1.74771067e+12 
128 1.057308716641e+11 8.260224348755e+08 49152 1268968 405570  4 4294967295 0 0                                                           "" 0.00000000e+00 0.00000000e+00 9.73000000e+02 1.24672313e+03 1.97300000e+03 2.73723133e-01 -1.74771065e+12 1.74771067e+12 
129 1.065568940989e+11 8.260224348755e+08 49152 1268968 405570  4 4294967295 0 0                                                           "" 0.00000000e+00 0.00000000e+00 9.73000000e+02 1.24672313e+03 1.97300000e+03 2.73723133e-01 -1.74771065e+12 1.74771067e+12 
130 1.073829165338e+11 8.260224348755e+08 49152 1268968 405570  4 4294967295 0 0                                                           "" 0.00000000e+00 0.00000000e+00 9.73000000e+02 1.24672313e+03 1.97300000e+03 2.73723133e-01 -1.74771065e+12 1.74771067e+12 
131 1.082089389687e+11 8.260224348755e+08 49152 1268968 405570  4 4294967295 0 0                                                           "" 0.00000000e+00 0.00000000e+00 9.73000000e+02 1.24672313e+03 1.97300000e+03 2.73723133e-01 -1.74771065e+12 1.74771067e+12 
132 1.090349614036e+11 8.260224348755e+08 49152 1268968 405570  4 4294967295 0 0                                                           "" 0.00000000e+00 0.00000000e+00 9.73000000e+02 1.24672313e+03 1.97300000e+03 2.73723133e-01 -1.74771065e+12 1.74771067e+12 
133 1.098609838384e+11 8.260224348755e+08 49152 1268968 405570  3 4294967295 0 0                                                           "" 0.00000000e+00 0.00000000e+00 9.73000000e+02 1.24672313e+03 1.97300000e+03 2.73723133e-01 -1.74771065e+12 1.74771066e+12 
134 1.106870062733e+11 8.260224348755e+08 49152 1268968 405570  3 4294967295 0 0                                                           "" 0.00000000e+00 0.00000000e+00 9.73000000e+02 1.24672313e+03 1.97300000e+03 2.73723132e-01 -1.74771066e+12 1.74771066e+12 
135 1.115130287082e+11 8.260224348755e+08 49152 1268968 405570  3 4294967295 0 0                                                           "" 0.00000000e+00 0.00000000e+00 9.73000000e+02 1.24672313e+03 1.97300000e+03 2.73723132e-01 -1.74771066e+12 1.74771066e+12 
136 1.123390511431e+11 8.260224348755e+08 49152 1268968 405570  3 4294967295 0 0                                                           "" 0.00000000e+00 0.00000000e+00 9.73000000e+02 1.24672313e+03 1.97300000e+03 2.73723132e-01 -1.74771066e+12 1.74771066e+12 
137 1.131650735779e+11 8.260224348755e+08 49152 1268968 405570  3 4294967295 0 0                                                           "" 0.00000000e+00 0.00000000e+00 9.73000000e+02 1.24672313e+03 1.97300000e+03 2.73723132e-01 -1.74771066e+12 1.74771066e+12 
138 1.139910960128e+11 8.260224348755e+08 49152 1268968 405570  3 4294967295 0 0                                                           "" 0.00000000e+00 0.00000000e+00 9.73000000e+02 1.24672313e+03 1.97300000e+03 2.73723132e-01 -1.74771066e+12 1.74771066e+12 
139 1.148171184477e+11 8.260224348755e+08 49152 1268968 405570  3 4294967295 0 0                                                           "" 0.00000000e+00 0.00000000e+00 9.73000000e+02 1.24672313e+03 1.97300000e+03 2.73723132e-01 -1.74771066e+12 1.74771066e+12 
140 1.156431408826e+11 8.260224348755e+08 49152 1268968 405570  3 4294967295 0 0                                                           "" 0.00000000e+00 0.00000000e+00 9.73000000e+02 1.24672313e+03 1.97300000e+03 2.73723132e-01 -1.74771066e+12 1.74771066e+12 
141 1.164691633175e+11 8.260224348755e+08 49152 1268968 405570  3 4294967295 0 0                                                           "" 0.00000000e+00 0.00000000e+00 9.73000000e+02 1.24672313e+03 1.97300000e+03 2.73723132e-01 -1.74771066e+12 1.74771066e+12 
142 1.172951857523e+11 8.260224348755e+08 49152 1268968 405570  3 4294967295 0 0                                                           "" 0.00000000e+00 0.00000000e+00 9.73000000e+02 1.24672313e+03 1.97300000e+03 2.73723132e-01 -1.74771066e+12 1.74771066e+12 
143 1.181212081872e+11 8.260224348755e+08 49152 1268968 405570  1 4294967295 0 0                                                           "" 0.00000000e+00 0.00000000e+00 9.73000000e+02 1.24672313e+03 1.97300000e+03 2.73723132e-01 -1.74771066e+12 1.74771066e+12 
144 1.189472306221e+11 8.260224348755e+08 49152 1268968 405570  2 4294967295 0 0                                                           "" 0.00000000e+00 0.00000000e+00 9.73000000e+02 1.24672313e+03 1.97300000e+03 2.73723132e-01 -1.74771066e+12 1.74771066e+12 
145 1.197732530570e+11 8.260224348755e+08 49152 1268968 405570  3 4294967295 0 0                                                           "" 0.00000000e+00 0.00000000e+00 9.73000000e+02 1.24672313e+03 1.97300000e+03 2.73723132e-01 -1.74771066e+12 1.74771066e+12 
146 1.205992754918e+11 8.260224348755e+08 49152 1268968 405570  1 4294967295 0 0                                                           "" 0.00000000e+00 0.00000000e+00 9.73000000e+02 1.24672313e+03 1.97300000e+03 2.73723132e-01 -1.74771066e+12 1.74771066e+12 
147 1.214252979267e+11 8.260224348755e+08 49152 1268968 405570  2 4294967295 0 0                                                           "" 0.00000000e+00 0.00000000e+00 9.73000000e+02 1.24672313e+03 1.97300000e+03 2.73723132e-01 -1.74771066e+12 1.74771066e+12 
148 1.222513203616e+11 8.260224348755e+08 49152 1268968 405570  2 4294967295 0 0                                                           "" 0.00000000e+00 0.00000000e+00 9.73000000e+02 1.24672313e+03 1.97300000e+03 2.73723132e-01 -1.74771066e+12 1.74771066e+12 
149 1.230773427965e+11 8.260224348755e+08 49152 1268968 405570  1 4294967295 0 0                                                           "" 0.00000000e+00 0.00000000e+00 9.73000000e+02 1.24672313e+03 1.97300000e+03 2.73723132e-01 -1.74771066e+12 1.74771066e+12 
150 1.239033652313e+11 8.260224348755e+08 49152 1268968 405570  2 4294967295 0 0                                                           "" 0.00000000e+00 0.00000000e+00 9.73000000e+02 1.24672313e+03 1.97300000e+03 2.73723132e-01 -1.74771066e+12 1.74771066e+12 
151 1.247293876662e+11 8.260224348755e+08 49152 1268968 405570  1 4294967295 0 0                                                           "" 0.00000000e+00 0.00000000e+00 9.73000000e+02 1.24672313e+03 1.97300000e+03 2.73723132e-01 -1.74771066e+12 1.74771066e+12 
152 1.255554101011e+11 8.260224348755e+08 49152 1268968 405570  1 4294967295 0 0                                                           "" 0.00000000e+00 0.00000000e+00 9.73000000e+02 1.24672313e+03 1.97300000e+03 2.73723132e-01 -1.74771066e+12 1.74771066e+12 
153 1.263814325360e+11 8.260224348755e+08 49152 1268968 405570  0 4294967295 0 0                                                           "" 0.00000000e+00 0.00000000e+00 9.73000000e+02 1.24672313e+03 1.97300000e+03 2.73723132e-01 -1.74771066e+12 1.74771066e+12 
154 1.272074549708e+11 8.260224348755e+08 49152 1268968 405570  1 4294967295 0 0                                                           "" 0.00000000e+00 0.00000000e+00 9.73000000e+02 1.24672313e+03 1.97300000e+03 2.73723132e-01 -1.74771066e+12 1.74771066e+12 
155 1.280334774057e+11 8.260224348755e+08 49152 1268968 405570  1 4294967295 0 0                                                           "" 0.00000000e+00 0.00000000e+00 9.73000000e+02 1.24672313e+03 1.97300000e+03 2.73723132e-01 -1.74771066e+12 1.74771066e+12 
156 1.288594998406e+11 8.260224348755e+08 49152 1268968 405570  0 4294967295 0 0                                                           "" 0.00000000e+00 0.00000000e+00 9.73000000e+02 1.24672313e+03 1.97300000e+03 2.73723132e-01 -1.74771066e+12 1.74771066e+12 
157 1.296855222755e+11 8.260224348755e+08 49152 1268968 405570  1 4294967295 0 0                                                           "" 0.00000000e+00 0.00000000e+00 9.73000000e+02 1.24672313e+03 1.97300000e+03 2.73723132e-01 -1.74771066e+12 1.74771066e+12 
158 1.305115447103e+11 8.260224348755e+08 49152 1268968 405570  1 4294967295 0 0                                                           "" 0.00000000e+00 0.00000000e+00 9.73000000e+02 1.24672313e+03 1.97300000e+03 2.73723132e-01 -1.74771066e+12 1.74771066e+12 
159 1.313375671452e+11 8.260224348755e+08 49152 1268968 405570  0 4294967295 0 0                                                           "" 0.00000000e+00 0.00000000e+00 9.73000000e+02 1.24672313e+03 1.97300000e+03 2.73723132e-01 -1.74771066e+12 1.74771066e+12 
160 1.321635895801e+11 8.260224348755e+08 49152 1268968 405570  1 4294967295 0 0                                                           "" 0.00000000e+00 0.00000000e+00 9.73000000e+02 1.24672313e+03 1.97300000e+03 2.73723132e-01 -1.74771066e+12 1.74771066e+12 
161 1.329896120150e+11 8.260224348755e+08 49152 1268968 405570  1 4294967295 0 0                                                           "" 0.00000000e+00 0.00000000e+00 9.73000000e+02 1.24672313e+03 1.97300000e+03 2.73723132e-01 -1.74771066e+12 1.74771066e+12 
162 1.338156344498e+11 8.260224348755e+08 49152 1268968 405570  1 4294967295 0 0                                                           "" 0.00000000e+00 0.00000000e+00 9.73000000e+02 1.24672313e+03 1.97300000e+03 2.73723132e-01 -1.74771066e+12 1.74771066e+12 
163 1.346416568847e+11 8.260224348755e+08 49152 1268968 405570  0 4294967295 0 0                                                           "" 0.00000000e+00 0.00000000e+00 9.73000000e+02 1.24672313e+03 1.97300000e+03 2.73723132e-01 -1.74771066e+12 1.74771066e+12 
164 1.354676793196e+11 8.260224348755e+08 49152 1268968 405570  1 4294967295 0 0                                                           "" 0.00000000e+00 0.00000000e+00 9.73000000e+02 1.24672313e+03 1.97300000e+03 2.73723132e-01 -1.74771066e+12 1.74771066e+12 
165 1.362937017545e+11 8.260224348755e+08 49152 1268968 405570  1 4294967295 0 0                                                           "" 0.00000000e+00 0.00000000e+00 9.73000000e+02 1.24672313e+03 1.97300000e+03 2.73723132e-01 -1.74771066e+12 1.74771066e+12 
166 1.371197241893e+11 8.260224348755e+08 49152 1268968 405570  0 4294967295 0 0                                                           "" 0.00000000e+00 0.00000000e+00 9.73000000e+02 1.24672313e+03 1.97300000e+03 2.73723132e-01 -1.74771066e+12 1.74771066e+12 
167 1.379457466242e+11 8.260224348755e+08 49152 1268968 405570  1 4294967295 0 0                                                           "" 0.00000000e+00 0.00000000e+00 9.73000000e+02 1.24672313e+03 1.97300000e+03 2.73723132e-01 -1.74771066e+12 1.74771066e+12 
168 1.387717690591e+11 8.260224348755e+08 49152 1268968 405570  1 4294967295 0 0                                                           "" 0.00000000e+00 0.00000000e+00 9.73000000e+02 1.24672313e+03 1.97300000e+03 2.73723132e-01 -1.74771066e+12 1.74771066e+12 
169 1.395977914940e+11 8.260224348755e+08 49152 1268968 405570  0 4294967295 0 0                                                           "" 0.00000000e+00 0.00000000e+00 9.73000000e+02 1.24672313e+03 1.97300000e+03 2.73723132e-01 -1.74771066e+12 1.74771066e+12 
170 1.404238139288e+11 8.260224348755e+08 49152 1268968 405570  0 4294967295 0 0                                                           "" 0.00000000e+00 0.00000000e+00 9.73000000e+02 1.24672313e+03 1.97300000e+03 2.73723132e-01 -1.74771066e+12 1.74771066e+12 
171 1.412498363637e+11 8.260224348755e+08 49152 1268968 405570  1 4294967295 0 0                                                           "" 0.00000000e+00 0.00000000e+00 9.73000000e+02 1.24672313e+03 1.97300000e+03 2.73723132e-01 -1.74771066e+12 1.74771066e+12 
172 1.420758587986e+11 8.260224348755e+08 49152 1268968 405570  0 4294967295 0 0                                                           "" 0.00000000e+00 0.00000000e+00 9.73000000e+02 1.24672313e+03 1.97300000e+03 2.73723132e-01 -1.74771066e+12 1.74771066e+12 
173 1.429018812335e+11 8.260224348755e+08 49152 1268968 405570  1 4294967295 0 0                                                           "" 0.00000000e+00 0.00000000e+00 9.73000000e+02 1.24672313e+03 1.97300000e+03 2.73723132e-01 -1.74771066e+12 1.74771066e+12 
174 1.437279036683e+11 8.260224348755e+08 49152 1268968 405570  0 4294967295 0 0                                                           "" 0.00000000e+00 0.00000000e+00 9.73000000e+02 1.24672313e+03 1.97300000e+03 2.73723132e-01 -1.74771066e+12 1.74771066e+12 
175 1.445539261032e+11 8.260224348755e+08 49152 1268968 405570  1 4294967295 0 0                                                           "" 0.00000000e+00 0.00000000e+00 9.73000000e+02 1.24672313e+03 1.97300000e+03 2.73723132e-01 -1.74771066e+12 1.74771066e+12 
176 1.453799485381e+11 8.260224348755e+08 49152 1268968 405570  0 4294967295 0 0                                                           "" 0.00000000e+00 0.00000000e+00 9.73000000e+02 1.24672313e+03 1.97300000e+03 2.73723132e-01 -1.74771066e+12 1.74771066e+12 
177 1.462059709730e+11 8.260224348755e+08 49152 1268968 405570  1 4294967295 0 0                                                           "" 0.00000000e+00 0.00000000e+00 9.73000000e+02 1.24672313e+03 1.97300000e+03 2.73723132e-01 -1.74771066e+12 1.74771066e+12 
178 1.470319934078e+11 8.260224348755e+08 49152 1268968 405570  0 4294967295 0 0                                                           "" 0.00000000e+00 0.00000000e+00 9.73000000e+02 1.24672313e+03 1.97300000e+03 2.73723132e-01 -1.74771066e+12 1.74771066e+12 
179 1.478580158427e+11 8.260224348755e+08 49152 1268968 405570  1 4294967295 0 0                                                           "" 0.00000000e+00 0.00000000e+00 9.73000000e+02 1.24672313e+03 1.97300000e+03 2.73723132e-01 -1.74771066e+12 1.74771066e+12 
180 1.486840382776e+11 8.260224348755e+08 49152 1268968 405570  0 4294967295 0 0                                                           "" 0.00000000e+00 0.00000000e+00 9.73000000e+02 1.24672313e+03 1.97300000e+03 2.73723132e-01 -1.74771066e+12 1.74771066e+12 
181 1.495100607125e+11 8.260224348755e+08 49152 1268968 405570  1 4294967295 0 0                                                           "" 0.00000000e+00 0.00000000e+00 9.73000000e+02 1.24672313e+03 1.97300000e+03 2.73723132e-01 -1.74771066e+12 1.74771066e+12 
182 1.503360831473e+11 8.260224348755e+08 49152 1268968 405570  0 4294967295 0 0 output-coolingsphere-aspect-head-gr3/solution/solution-00003 0.00000000e+00 0.00000000e+00 9.73000000e+02 1.24672313e+03 1.97300000e+03 2.73723132e-01 -1.74771066e+12 1.74771066e+12 
183 1.511621055822e+11 8.260224348755e+08 49152 1268968 405570  1 4294967295 0 0                                                           "" 0.00000000e+00 0.00000000e+00 9.73000000e+02 1.24672313e+03 1.97300000e+03 2.73723132e-01 -1.74771066e+12 1.74771066e+12 
184 1.519881280171e+11 8.260224348755e+08 49152 1268968 405570  0 4294967295 0 0                                                           "" 0.00000000e+00 0.00000000e+00 9.73000000e+02 1.24672313e+03 1.97300000e+03 2.73723132e-01 -1.74771066e+12 1.74771066e+12 
185 1.528141504520e+11 8.260224348755e+08 49152 1268968 405570  1 4294967295 0 0                                                           "" 0.00000000e+00 0.00000000e+00 9.73000000e+02 1.24672313e+03 1.97300000e+03 2.73723132e-01 -1.74771066e+12 1.74771066e+12 
186 1.536401728868e+11 8.260224348755e+08 49152 1268968 405570  0 4294967295 0 0                                                           "" 0.00000000e+00 0.00000000e+00 9.73000000e+02 1.24672313e+03 1.97300000e+03 2.73723132e-01 -1.74771066e+12 1.74771066e+12 
187 1.544661953217e+11 8.260224348755e+08 49152 1268968 405570  1 4294967295 0 0                                                           "" 0.00000000e+00 0.00000000e+00 9.73000000e+02 1.24672313e+03 1.97300000e+03 2.73723132e-01 -1.74771066e+12 1.74771066e+12 
188 1.552922177566e+11 8.260224348755e+08 49152 1268968 405570  0 4294967295 0 0                                                           "" 0.00000000e+00 0.00000000e+00 9.73000000e+02 1.24672313e+03 1.97300000e+03 2.73723132e-01 -1.74771066e+12 1.74771066e+12 
189 1.561182401915e+11 8.260224348755e+08 49152 1268968 405570  1 4294967295 0 0                                                           "" 0.00000000e+00 0.00000000e+00 9.73000000e+02 1.24672313e+03 1.97300000e+03 2.73723132e-01 -1.74771066e+12 1.74771066e+12 
190 1.569442626264e+11 8.260224348755e+08 49152 1268968 405570  0 4294967295 0 0                                                           "" 0.00000000e+00 0.00000000e+00 9.73000000e+02 1.24672313e+03 1.97300000e+03 2.73723132e-01 -1.74771066e+12 1.74771066e+12 
191 1.577702850612e+11 8.260224348755e+08 49152 1268968 405570  1 4294967295 0 0                                                           "" 0.00000000e+00 0.00000000e+00 9.73000000e+02 1.24672313e+03 1.97300000e+03 2.73723132e-01 -1.74771066e+12 1.74771066e+12 
192 1.585963074961e+11 8.260224348755e+08 49152 1268968 405570  0 4294967295 0 0                                                           "" 0.00000000e+00 0.00000000e+00 9.73000000e+02 1.24672313e+03 1.97300000e+03 2.73723132e-01 -1.74771066e+12 1.74771066e+12 
193 1.594223299310e+11 8.260224348755e+08 49152 1268968 405570  0 4294967295 0 0                                                           "" 0.00000000e+00 0.00000000e+00 9.73000000e+02 1.24672313e+03 1.97300000e+03 2.73723132e-01 -1.74771066e+12 1.74771066e+12 
194 1.602483523659e+11 8.260224348755e+08 49152 1268968 405570  1 4294967295 0 0                                                           "" 0.00000000e+00 0.00000000e+00 9.73000000e+02 1.24672313e+03 1.97300000e+03 2.73723132e-01 -1.74771066e+12 1.74771066e+12 
195 1.610743748007e+11 8.260224348755e+08 49152 1268968 405570  0 4294967295 0 0                                                           "" 0.00000000e+00 0.00000000e+00 9.73000000e+02 1.24672313e+03 1.97300000e+03 2.73723132e-01 -1.74771066e+12 1.74771066e+12 
196 1.619003972356e+11 8.260224348755e+08 49152 1268968 405570  1 4294967295 0 0                                                           "" 0.00000000e+00 0.00000000e+00 9.73000000e+02 1.24672313e+03 1.97300000e+03 2.73723132e-01 -1.74771066e+12 1.74771066e+12 
197 1.627264196705e+11 8.260224348755e+08 49152 1268968 405570  0 4294967295 0 0                                                           "" 0.00000000e+00 0.00000000e+00 9.73000000e+02 1.24672313e+03 1.97300000e+03 2.73723132e-01 -1.74771066e+12 1.74771066e+12 
198 1.635524421054e+11 8.260224348755e+08 49152 1268968 405570  1 4294967295 0 0                                                           "" 0.00000000e+00 0.00000000e+00 9.73000000e+02 1.24672313e+03 1.97300000e+03 2.73723132e-01 -1.74771066e+12 1.74771066e+12 
199 1.643784645402e+11 8.260224348755e+08 49152 1268968 405570  0 4294967295 0 0                                                           "" 0.00000000e+00 0.00000000e+00 9.73000000e+02 1.24672313e+03 1.97300000e+03 2.73723132e-01 -1.74771066e+12 1.74771066e+12 
200 1.652044869751e+11 8.260224348755e+08 49152 1268968 405570  1 4294967295 0 0                                                           "" 0.00000000e+00 0.00000000e+00 9.73000000e+02 1.24672313e+03 1.97300000e+03 2.73723132e-01 -1.74771066e+12 1.74771066e+12 
201 1.660305094100e+11 8.260224348755e+08 49152 1268968 405570  0 4294967295 0 0                                                           "" 0.00000000e+00 0.00000000e+00 9.73000000e+02 1.24672313e+03 1.97300000e+03 2.73723132e-01 -1.74771066e+12 1.74771066e+12 
202 1.668565318449e+11 8.260224348755e+08 49152 1268968 405570  1 4294967295 0 0                                                           "" 0.00000000e+00 0.00000000e+00 9.73000000e+02 1.24672313e+03 1.97300000e+03 2.73723132e-01 -1.74771066e+12 1.74771066e+12 
203 1.676825542797e+11 8.260224348755e+08 49152 1268968 405570  0 4294967295 0 0                                                           "" 0.00000000e+00 0.00000000e+00 9.73000000e+02 1.24672313e+03 1.97300000e+03 2.73723132e-01 -1.74771066e+12 1.74771066e+12 
204 1.685085767146e+11 8.260224348755e+08 49152 1268968 405570  1 4294967295 0 0                                                           "" 0.00000000e+00 0.00000000e+00 9.73000000e+02 1.24672313e+03 1.97300000e+03 2.73723132e-01 -1.74771066e+12 1.74771066e+12 
205 1.693345991495e+11 8.260224348755e+08 49152 1268968 405570  0 4294967295 0 0                                                           "" 0.00000000e+00 0.00000000e+00 9.73000000e+02 1.24672313e+03 1.97300000e+03 2.73723132e-01 -1.74771066e+12 1.74771066e+12 
206 1.701606215844e+11 8.260224348755e+08 49152 1268968 405570  1 4294967295 0 0                                                           "" 0.00000000e+00 0.00000000e+00 9.73000000e+02 1.24672313e+03 1.97300000e+03 2.73723132e-01 -1.74771066e+12 1.74771066e+12 
207 1.709866440192e+11 8.260224348755e+08 49152 1268968 405570  0 4294967295 0 0                                                           "" 0.00000000e+00 0.00000000e+00 9.73000000e+02 1.24672313e+03 1.97300000e+03 2.73723132e-01 -1.74771066e+12 1.74771066e+12 
208 1.718126664541e+11 8.260224348755e+08 49152 1268968 405570  1 4294967295 0 0                                                           "" 0.00000000e+00 0.00000000e+00 9.73000000e+02 1.24672313e+03 1.97300000e+03 2.73723132e-01 -1.74771066e+12 1.74771066e+12 
209 1.726386888890e+11 8.260224348755e+08 49152 1268968 405570  0 4294967295 0 0                                                           "" 0.00000000e+00 0.00000000e+00 9.73000000e+02 1.24672313e+03 1.97300000e+03 2.73723132e-01 -1.74771066e+12 1.74771066e+12 
210 1.734647113239e+11 8.260224348755e+08 49152 1268968 405570  1 4294967295 0 0                                                           "" 0.00000000e+00 0.00000000e+00 9.73000000e+02 1.24672313e+03 1.97300000e+03 2.73723132e-01 -1.74771066e+12 1.74771066e+12 
211 1.742907337587e+11 8.260224348755e+08 49152 1268968 405570  0 4294967295 0 0                                                           "" 0.00000000e+00 0.00000000e+00 9.73000000e+02 1.24672313e+03 1.97300000e+03 2.73723132e-01 -1.74771066e+12 1.74771066e+12 
212 1.751167561936e+11 8.260224348755e+08 49152 1268968 405570  1 4294967295 0 0                                                           "" 0.00000000e+00 0.00000000e+00 9.73000000e+02 1.24672313e+03 1.97300000e+03 2.73723132e-01 -1.74771066e+12 1.74771066e+12 
213 1.759427786285e+11 8.260224348755e+08 49152 1268968 405570  0 4294967295 0 0                                                           "" 0.00000000e+00 0.00000000e+00 9.73000000e+02 1.24672313e+03 1.97300000e+03 2.73723132e-01 -1.74771066e+12 1.74771066e+12 
214 1.767688010634e+11 8.260224348755e+08 49152 1268968 405570  1 4294967295 0 0                                                           "" 0.00000000e+00 0.00000000e+00 9.73000000e+02 1.24672313e+03 1.97300000e+03 2.73723132e-01 -1.74771066e+12 1.74771066e+12 
215 1.775948234982e+11 8.260224348755e+08 49152 1268968 405570  0 4294967295 0 0                                                           "" 0.00000000e+00 0.00000000e+00 9.73000000e+02 1.24672313e+03 1.97300000e+03 2.73723132e-01 -1.74771066e+12 1.74771066e+12 
216 1.784208459331e+11 8.260224348755e+08 49152 1268968 405570  1 4294967295 0 0                                                           "" 0.00000000e+00 0.00000000e+00 9.73000000e+02 1.24672313e+03 1.97300000e+03 2.73723132e-01 -1.74771066e+12 1.74771066e+12 
217 1.792468683680e+11 8.260224348755e+08 49152 1268968 405570  0 4294967295 0 0                                                           "" 0.00000000e+00 0.00000000e+00 9.73000000e+02 1.24672313e+03 1.97300000e+03 2.73723132e-01 -1.74771066e+12 1.74771066e+12 
218 1.800728908029e+11 8.260224348755e+08 49152 1268968 405570  1 4294967295 0 0                                                           "" 0.00000000e+00 0.00000000e+00 9.73000000e+02 1.24672313e+03 1.97300000e+03 2.73723132e-01 -1.74771066e+12 1.74771066e+12 
219 1.808989132377e+11 8.260224348755e+08 49152 1268968 405570  0 4294967295 0 0                                                           "" 0.00000000e+00 0.00000000e+00 9.73000000e+02 1.24672313e+03 1.97300000e+03 2.73723132e-01 -1.74771066e+12 1.74771066e+12 
220 1.817249356726e+11 8.260224348755e+08 49152 1268968 405570  1 4294967295 0 0                                                           "" 0.00000000e+00 0.00000000e+00 9.73000000e+02 1.24672313e+03 1.97300000e+03 2.73723132e-01 -1.74771066e+12 1.74771066e+12 
221 1.825509581075e+11 8.260224348755e+08 49152 1268968 405570  0 4294967295 0 0                                                           "" 0.00000000e+00 0.00000000e+00 9.73000000e+02 1.24672313e+03 1.97300000e+03 2.73723132e-01 -1.74771066e+12 1.74771066e+12 
222 1.833769805424e+11 8.260224348755e+08 49152 1268968 405570  1 4294967295 0 0                                                           "" 0.00000000e+00 0.00000000e+00 9.73000000e+02 1.24672313e+03 1.97300000e+03 2.73723132e-01 -1.74771066e+12 1.74771066e+12 
223 1.842030029772e+11 8.260224348755e+08 49152 1268968 405570  0 4294967295 0 0                                                           "" 0.00000000e+00 0.00000000e+00 9.73000000e+02 1.24672313e+03 1.97300000e+03 2.73723132e-01 -1.74771066e+12 1.74771066e+12 
224 1.850290254121e+11 8.260224348755e+08 49152 1268968 405570  1 4294967295 0 0                                                           "" 0.00000000e+00 0.00000000e+00 9.73000000e+02 1.24672313e+03 1.97300000e+03 2.73723132e-01 -1.74771066e+12 1.74771066e+12 
225 1.858550478470e+11 8.260224348755e+08 49152 1268968 405570  0 4294967295 0 0                                                           "" 0.00000000e+00 0.00000000e+00 9.73000000e+02 1.24672313e+03 1.97300000e+03 2.73723132e-01 -1.74771066e+12 1.74771066e+12 
226 1.866810702819e+11 8.260224348755e+08 49152 1268968 405570  1 4294967295 0 0                                                           "" 0.00000000e+00 0.00000000e+00 9.73000000e+02 1.24672313e+03 1.97300000e+03 2.73723132e-01 -1.74771066e+12 1.74771066e+12 
227 1.875070927167e+11 8.260224348755e+08 49152 1268968 405570  0 4294967295 0 0                                                           "" 0.00000000e+00 0.00000000e+00 9.73000000e+02 1.24672313e+03 1.97300000e+03 2.73723132e-01 -1.74771066e+12 1.74771066e+12 
228 1.883331151516e+11 8.260224348755e+08 49152 1268968 405570  1 4294967295 0 0                                                           "" 0.00000000e+00 0.00000000e+00 9.73000000e+02 1.24672313e+03 1.97300000e+03 2.73723132e-01 -1.74771066e+12 1.74771066e+12 
229 1.891591375865e+11 8.260224348755e+08 49152 1268968 405570  0 4294967295 0 0                                                           "" 0.00000000e+00 0.00000000e+00 9.73000000e+02 1.24672313e+03 1.97300000e+03 2.73723132e-01 -1.74771066e+12 1.74771066e+12 
230 1.899851600214e+11 8.260224348755e+08 49152 1268968 405570  1 4294967295 0 0                                                           "" 0.00000000e+00 0.00000000e+00 9.73000000e+02 1.24672313e+03 1.97300000e+03 2.73723132e-01 -1.74771066e+12 1.74771066e+12 
231 1.908111824562e+11 8.260224348755e+08 49152 1268968 405570  0 4294967295 0 0                                                           "" 0.00000000e+00 0.00000000e+00 9.73000000e+02 1.24672313e+03 1.97300000e+03 2.73723132e-01 -1.74771066e+12 1.74771066e+12 
232 1.916372048911e+11 8.260224348755e+08 49152 1268968 405570  1 4294967295 0 0                                                           "" 0.00000000e+00 0.00000000e+00 9.73000000e+02 1.24672313e+03 1.97300000e+03 2.73723132e-01 -1.74771066e+12 1.74771066e+12 
233 1.924632273260e+11 8.260224348755e+08 49152 1268968 405570  0 4294967295 0 0                                                           "" 0.00000000e+00 0.00000000e+00 9.73000000e+02 1.24672313e+03 1.97300000e+03 2.73723132e-01 -1.74771066e+12 1.74771066e+12 
234 1.932892497609e+11 8.260224348755e+08 49152 1268968 405570  1 4294967295 0 0                                                           "" 0.00000000e+00 0.00000000e+00 9.73000000e+02 1.24672313e+03 1.97300000e+03 2.73723132e-01 -1.74771066e+12 1.74771066e+12 
235 1.941152721958e+11 8.260224348755e+08 49152 1268968 405570  0 4294967295 0 0                                                           "" 0.00000000e+00 0.00000000e+00 9.73000000e+02 1.24672313e+03 1.97300000e+03 2.73723132e-01 -1.74771066e+12 1.74771066e+12 
236 1.949412946306e+11 8.260224348755e+08 49152 1268968 405570  0 4294967295 0 0                                                           "" 0.00000000e+00 0.00000000e+00 9.73000000e+02 1.24672313e+03 1.97300000e+03 2.73723132e-01 -1.74771066e+12 1.74771066e+12 
237 1.957673170655e+11 8.260224348755e+08 49152 1268968 405570  1 4294967295 0 0                                                           "" 0.00000000e+00 0.00000000e+00 9.73000000e+02 1.24672313e+03 1.97300000e+03 2.73723132e-01 -1.74771066e+12 1.74771066e+12 
238 1.965933395004e+11 8.260224348755e+08 49152 1268968 405570  0 4294967295 0 0                                                           "" 0.00000000e+00 0.00000000e+00 9.73000000e+02 1.24672313e+03 1.97300000e+03 2.73723132e-01 -1.74771066e+12 1.74771066e+12 
239 1.974193619353e+11 8.260224348755e+08 49152 1268968 405570  1 4294967295 0 0                                                           "" 0.00000000e+00 0.00000000e+00 9.73000000e+02 1.24672313e+03 1.97300000e+03 2.73723132e-01 -1.74771066e+12 1.74771066e+12 
240 1.982453843701e+11 8.260224348755e+08 49152 1268968 405570  0 4294967295 0 0                                                           "" 0.00000000e+00 0.00000000e+00 9.73000000e+02 1.24672313e+03 1.97300000e+03 2.73723132e-01 -1.74771066e+12 1.74771066e+12 
241 1.990714068050e+11 8.260224348755e+08 49152 1268968 405570  1 4294967295 0 0                                                           "" 0.00000000e+00 0.00000000e+00 9.73000000e+02 1.24672313e+03 1.97300000e+03 2.73723132e-01 -1.74771066e+12 1.74771066e+12 
242 1.998974292399e+11 8.260224348755e+08 49152 1268968 405570  0 4294967295 0 0                                                           "" 0.00000000e+00 0.00000000e+00 9.73000000e+02 1.24672313e+03 1.97300000e+03 2.73723132e-01 -1.74771066e+12 1.74771066e+12 
243 2.000000000000e+11 1.025707601205e+08 49152 1268968 405570  0 4294967295 0 0 output-coolingsphere-aspect-head-gr3/solution/solution-00004 0.00000000e+00 0.00000000e+00 9.73000000e+02 1.24672313e+03 1.97300000e+03 2.73723132e-01 -1.74771066e+12 1.74771066e+12 
