# 1: Time step number
# 2: Time (years)
# 3: Time step size (years)
# 4: Number of mesh cells
# 5: Number of Stokes degrees of freedom
# 6: Number of temperature degrees of freedom
# 7: Iterations for temperature solver
# 8: Iterations for Stokes solver
# 9: Velocity iterations in Stokes preconditioner
# 10: Schur complement iterations in Stokes preconditioner
# 11: Visualization file name
# 12: RMS velocity (m/year)
# 13: Max. velocity (m/year)
# 14: Minimal temperature (K)
# 15: Average temperature (K)
# 16: Maximal temperature (K)
# 17: Average nondimensional temperature (K)
# 18: Outward heat flux through boundary with indicator 0 ("bottom") (W)
# 19: Outward heat flux through boundary with indicator 1 ("top") (W)
  0 0.000000000000e+00 0.000000000000e+00 49152 1268968 405570  0 4294967295 0 0 output-coolingsphere-aspect-e6af77b-gr3/solution/solution-00000 0.00000000e+00 0.00000000e+00 9.73000000e+02 1.95612077e+03 1.97300000e+03 9.83120770e-01  2.04377390e-04 3.06326756e+13 
  1 8.260224348755e+08 8.260224348755e+08 49152 1268968 405570 54 4294967295 0 0                                                              "" 0.00000000e+00 0.00000000e+00 9.73000000e+02 1.86624640e+03 1.97300000e+03 8.93246396e-01 -4.00497307e+08 1.18106477e+13 
  2 1.652044869751e+09 8.260224348755e+08 49152 1268968 405570 43 4294967295 0 0                                                              "" 0.00000000e+00 0.00000000e+00 9.73000000e+02 1.80325864e+03 1.97300000e+03 8.30258640e-01 -1.46459780e+09 6.55572935e+12 
  3 2.478067304627e+09 8.260224348755e+08 49152 1268968 405570 42 4294967295 0 0                                                              "" 0.00000000e+00 0.00000000e+00 9.73000000e+02 1.75442438e+03 1.97300000e+03 7.81424378e-01 -4.27776448e+09 5.54286693e+12 
  4 3.304089739502e+09 8.260224348755e+08 49152 1268968 405570 41 4294967295 0 0                                                              "" 0.00000000e+00 0.00000000e+00 9.73000000e+02 1.71319166e+03 1.97300000e+03 7.40191665e-01 -1.04445824e+10 4.98446093e+12 
  5 4.130112174378e+09 8.260224348755e+08 49152 1268968 405570 40 4294967295 0 0                                                              "" 0.00000000e+00 0.00000000e+00 9.73000000e+02 1.67698156e+03 1.97300000e+03 7.03981560e-01 -2.17551559e+10 4.50392767e+12 
  6 4.956134609253e+09 8.260224348755e+08 49152 1268968 405570 39 4294967295 0 0                                                              "" 0.00000000e+00 0.00000000e+00 9.73000000e+02 1.64454307e+03 1.97300000e+03 6.71543068e-01 -3.96047223e+10 4.10620004e+12 
  7 5.782157044129e+09 8.260224348755e+08 49152 1268968 405570 38 4294967295 0 0                                                              "" 0.00000000e+00 0.00000000e+00 9.73000000e+02 1.61513296e+03 1.97300000e+03 6.42132960e-01 -6.45119879e+10 3.77995089e+12 
  8 6.608179479004e+09 8.260224348755e+08 49152 1268968 405570 38 4294967295 0 0                                                              "" 0.00000000e+00 0.00000000e+00 9.73000000e+02 1.58826683e+03 1.97300000e+03 6.15266834e-01 -9.59917265e+10 3.50710219e+12 
  9 7.434201913880e+09 8.260224348755e+08 49152 1268968 405570 37 4294967295 0 0                                                              "" 0.00000000e+00 0.00000000e+00 9.73000000e+02 1.56360799e+03 1.97300000e+03 5.90607992e-01 -1.32785990e+11 3.27423092e+12 
 10 8.260224348755e+09 8.260224348755e+08 49152 1268968 405570 37 4294967295 0 0                                                              "" 0.00000000e+00 0.00000000e+00 9.73000000e+02 1.54090628e+03 1.97300000e+03 5.67906285e-01 -1.73269616e+11 3.07230908e+12 
 11 9.086246783631e+09 8.260224348755e+08 49152 1268968 405570 37 4294967295 0 0                                                              "" 0.00000000e+00 0.00000000e+00 9.73000000e+02 1.51996402e+03 1.97300000e+03 5.46964021e-01 -2.15825406e+11 2.89503243e+12 
 12 9.912269218506e+09 8.260224348755e+08 49152 1268968 405570 37 4294967295 0 0                                                              "" 0.00000000e+00 0.00000000e+00 9.73000000e+02 1.50061722e+03 1.97300000e+03 5.27617216e-01 -2.59078131e+11 2.73780485e+12 
 13 1.073829165338e+10 8.260224348755e+08 49152 1268968 405570 36 4294967295 0 0                                                              "" 0.00000000e+00 0.00000000e+00 9.73000000e+02 1.48272522e+03 1.97300000e+03 5.09725224e-01 -3.01980529e+11 2.59717933e+12 
 14 1.156431408826e+10 8.260224348755e+08 49152 1268968 405570 36 4294967295 0 0                                                              "" 0.00000000e+00 0.00000000e+00 9.73000000e+02 1.46616481e+03 1.97300000e+03 4.93164813e-01 -3.43799790e+11 2.47051802e+12 
 15 1.239033652313e+10 8.260224348755e+08 49152 1268968 405570 36 4294967295 0 0                                                              "" 0.00000000e+00 0.00000000e+00 9.73000000e+02 1.45082655e+03 1.97300000e+03 4.77826552e-01 -3.84059303e+11 2.35576794e+12 
 16 1.321635895801e+10 8.260224348755e+08 49152 1268968 405570 36 4294967295 0 0                                                              "" 0.00000000e+00 0.00000000e+00 9.73000000e+02 1.43661240e+03 1.97300000e+03 4.63612404e-01 -4.22472779e+11 2.25130695e+12 
 17 1.404238139288e+10 8.260224348755e+08 49152 1268968 405570 36 4294967295 0 0                                                              "" 0.00000000e+00 0.00000000e+00 9.73000000e+02 1.42343398e+03 1.97300000e+03 4.50433982e-01 -4.58888001e+11 2.15583486e+12 
 18 1.486840382776e+10 8.260224348755e+08 49152 1268968 405570 35 4294967295 0 0                                                              "" 0.00000000e+00 0.00000000e+00 9.73000000e+02 1.41121121e+03 1.97300000e+03 4.38211208e-01 -4.93244416e+11 2.06829502e+12 
 19 1.569442626264e+10 8.260224348755e+08 49152 1268968 405570 35 4294967295 0 0                                                              "" 0.00000000e+00 0.00000000e+00 9.73000000e+02 1.39987123e+03 1.97300000e+03 4.26871230e-01 -5.25543011e+11 1.98781672e+12 
 20 1.652044869751e+10 8.260224348755e+08 49152 1268968 405570 35 4294967295 0 0                                                              "" 0.00000000e+00 0.00000000e+00 9.73000000e+02 1.38934754e+03 1.97300000e+03 4.16347543e-01 -5.55825391e+11 1.91367265e+12 
 21 1.734647113239e+10 8.260224348755e+08 49152 1268968 405570 35 4294967295 0 0                                                              "" 0.00000000e+00 0.00000000e+00 9.73000000e+02 1.37957926e+03 1.97300000e+03 4.06579256e-01 -5.84159303e+11 1.84524705e+12 
 22 1.817249356726e+10 8.260224348755e+08 49152 1268968 405570 35 4294967295 0 0                                                              "" 0.00000000e+00 0.00000000e+00 9.73000000e+02 1.37051048e+03 1.97300000e+03 3.97510482e-01 -6.10628603e+11 1.78201188e+12 
 23 1.899851600214e+10 8.260224348755e+08 49152 1268968 405570 35 4294967295 0 0                                                              "" 0.00000000e+00 0.00000000e+00 9.73000000e+02 1.36208983e+03 1.97300000e+03 3.89089826e-01 -6.35326279e+11 1.72350891e+12 
 24 1.982453843701e+10 8.260224348755e+08 49152 1268968 405570 35 4294967295 0 0                                                              "" 0.00000000e+00 0.00000000e+00 9.73000000e+02 1.35426993e+03 1.97300000e+03 3.81269934e-01 -6.58349618e+11 1.66933614e+12 
 25 2.065056087189e+10 8.260224348755e+08 49152 1268968 405570 35 4294967295 0 0                                                              "" 0.00000000e+00 0.00000000e+00 9.73000000e+02 1.34700713e+03 1.97300000e+03 3.74007127e-01 -6.79796883e+11 1.61913750e+12 
 26 2.147658330676e+10 8.260224348755e+08 49152 1268968 405570 34 4294967295 0 0                                                              "" 0.00000000e+00 0.00000000e+00 9.73000000e+02 1.34026106e+03 1.97300000e+03 3.67261060e-01 -6.99765058e+11 1.57259500e+12 
 27 2.230260574164e+10 8.260224348755e+08 49152 1268968 405570 34 4294967295 0 0                                                              "" 0.00000000e+00 0.00000000e+00 9.73000000e+02 1.33399444e+03 1.97300000e+03 3.60994436e-01 -7.18348364e+11 1.52942263e+12 
 28 2.312862817652e+10 8.260224348755e+08 49152 1268968 405570 34 4294967295 0 0                                                              "" 0.00000000e+00 0.00000000e+00 9.73000000e+02 1.32817275e+03 1.97300000e+03 3.55172751e-01 -7.35637307e+11 1.48936160e+12 
 29 2.395465061139e+10 8.260224348755e+08 49152 1268968 405570 34 4294967295 0 0                                                              "" 0.00000000e+00 0.00000000e+00 9.73000000e+02 1.32276406e+03 1.97300000e+03 3.49764062e-01 -7.51718117e+11 1.45217660e+12 
 30 2.478067304627e+10 8.260224348755e+08 49152 1268968 405570 34 4294967295 0 0                                                              "" 0.00000000e+00 0.00000000e+00 9.73000000e+02 1.31773878e+03 1.97300000e+03 3.44738779e-01 -7.66672449e+11 1.41765283e+12 
 31 2.560669548114e+10 8.260224348755e+08 49152 1268968 405570 34 4294967295 0 0                                                              "" 0.00000000e+00 0.00000000e+00 9.73000000e+02 1.31306949e+03 1.97300000e+03 3.40069486e-01 -7.80577280e+11 1.38559350e+12 
 32 2.643271791602e+10 8.260224348755e+08 49152 1268968 405570 34 4294967295 0 0                                                              "" 0.00000000e+00 0.00000000e+00 9.73000000e+02 1.30873076e+03 1.97300000e+03 3.35730764e-01 -7.93504920e+11 1.35581791e+12 
 33 2.725874035089e+10 8.260224348755e+08 49152 1268968 405570 34 4294967295 0 0                                                              "" 0.00000000e+00 0.00000000e+00 9.73000000e+02 1.30469904e+03 1.97300000e+03 3.31699044e-01 -8.05523125e+11 1.32815969e+12 
 34 2.808476278577e+10 8.260224348755e+08 49152 1268968 405570 33 4294967295 0 0                                                              "" 0.00000000e+00 0.00000000e+00 9.73000000e+02 1.30095246e+03 1.97300000e+03 3.27952463e-01 -8.16695254e+11 1.30246545e+12 
 35 2.891078522064e+10 8.260224348755e+08 49152 1268968 405570 33 4294967295 0 0                                                              "" 0.00000000e+00 0.00000000e+00 9.73000000e+02 1.29747074e+03 1.97300000e+03 3.24470738e-01 -8.27080463e+11 1.27859357e+12 
 36 2.973680765552e+10 8.260224348755e+08 49152 1268968 405570 33 4294967295 0 0                                                              "" 0.00000000e+00 0.00000000e+00 9.73000000e+02 1.29423505e+03 1.97300000e+03 3.21235046e-01 -8.36733923e+11 1.25641307e+12 
 37 3.056283009039e+10 8.260224348755e+08 49152 1268968 405570 33 4294967295 0 0                                                              "" 0.00000000e+00 0.00000000e+00 9.73000000e+02 1.29122792e+03 1.97300000e+03 3.18227916e-01 -8.45707036e+11 1.23580280e+12 
 38 3.138885252527e+10 8.260224348755e+08 49152 1268968 405570 33 4294967295 0 0                                                              "" 0.00000000e+00 0.00000000e+00 9.73000000e+02 1.28843313e+03 1.97300000e+03 3.15433133e-01 -8.54047669e+11 1.21665055e+12 
 39 3.221487496015e+10 8.260224348755e+08 49152 1268968 405570 33 4294967295 0 0                                                              "" 0.00000000e+00 0.00000000e+00 9.73000000e+02 1.28583564e+03 1.97300000e+03 3.12835641e-01 -8.61800365e+11 1.19885232e+12 
 40 3.304089739502e+10 8.260224348755e+08 49152 1268968 405570 33 4294967295 0 0                                                              "" 0.00000000e+00 0.00000000e+00 9.73000000e+02 1.28342146e+03 1.97300000e+03 3.10421461e-01 -8.69006564e+11 1.18231174e+12 
 41 3.386691982990e+10 8.260224348755e+08 49152 1268968 405570 33 4294967295 0 0                                                              "" 0.00000000e+00 0.00000000e+00 9.73000000e+02 1.28117761e+03 1.97300000e+03 3.08177610e-01 -8.75704804e+11 1.16693939e+12 
 42 3.469294226477e+10 8.260224348755e+08 49152 1268968 405570 32 4294967295 0 0                                                              "" 0.00000000e+00 0.00000000e+00 9.73000000e+02 1.27909204e+03 1.97300000e+03 3.06092035e-01 -8.81930918e+11 1.15265232e+12 
 43 3.551896469965e+10 8.260224348755e+08 49152 1268968 405570 32 4294967295 0 0                                                              "" 0.00000000e+00 0.00000000e+00 9.73000000e+02 1.27715354e+03 1.97300000e+03 3.04153538e-01 -8.87718216e+11 1.13937357e+12 
 44 3.634498713452e+10 8.260224348755e+08 49152 1268968 405570 32 4294967295 0 0                                                              "" 0.00000000e+00 0.00000000e+00 9.73000000e+02 1.27535172e+03 1.97300000e+03 3.02351718e-01 -8.93097664e+11 1.12703166e+12 
 45 3.717100956940e+10 8.260224348755e+08 49152 1268968 405570 32 4294967295 0 0                                                              "" 0.00000000e+00 0.00000000e+00 9.73000000e+02 1.27367692e+03 1.97300000e+03 3.00676916e-01 -8.98098041e+11 1.11556028e+12 
 46 3.799703200427e+10 8.260224348755e+08 49152 1268968 405570 32 4294967295 0 0                                                              "" 0.00000000e+00 0.00000000e+00 9.73000000e+02 1.27212016e+03 1.97300000e+03 2.99120156e-01 -9.02746095e+11 1.10489780e+12 
 47 3.882305443915e+10 8.260224348755e+08 49152 1268968 405570 32 4294967295 0 0                                                              "" 0.00000000e+00 0.00000000e+00 9.73000000e+02 1.27067310e+03 1.97300000e+03 2.97673100e-01 -9.07066684e+11 1.09498703e+12 
 48 3.964907687403e+10 8.260224348755e+08 49152 1268968 405570 32 4294967295 0 0                                                              "" 0.00000000e+00 0.00000000e+00 9.73000000e+02 1.26932800e+03 1.97300000e+03 2.96328004e-01 -9.11082911e+11 1.08577483e+12 
 49 4.047509930890e+10 8.260224348755e+08 49152 1268968 405570 31 4294967295 0 0                                                              "" 0.00000000e+00 0.00000000e+00 9.73000000e+02 1.26807767e+03 1.97300000e+03 2.95077669e-01 -9.14816246e+11 1.07721184e+12 
 50 4.130112174378e+10 8.260224348755e+08 49152 1268968 405570 31 4294967295 0 0                                                              "" 0.00000000e+00 0.00000000e+00 9.73000000e+02 1.26691541e+03 1.97300000e+03 2.93915408e-01 -9.18286641e+11 1.06925221e+12 
 51 4.212714417865e+10 8.260224348755e+08 49152 1268968 405570 31 4294967295 0 0                                                              "" 0.00000000e+00 0.00000000e+00 9.73000000e+02 1.26583501e+03 1.97300000e+03 2.92835007e-01 -9.21512637e+11 1.06185334e+12 
 52 4.295316661353e+10 8.260224348755e+08 49152 1268968 405570 31 4294967295 0 0                                                              "" 0.00000000e+00 0.00000000e+00 9.73000000e+02 1.26483069e+03 1.97300000e+03 2.91830693e-01 -9.24511469e+11 1.05497566e+12 
 53 4.377918904840e+10 8.260224348755e+08 49152 1268968 405570 31 4294967295 0 0                                                              "" 0.00000000e+00 0.00000000e+00 9.73000000e+02 1.26389710e+03 1.97300000e+03 2.90897100e-01 -9.27299149e+11 1.04858238e+12 
 54 4.460521148328e+10 8.260224348755e+08 49152 1268968 405570 31 4294967295 0 0                                                              "" 0.00000000e+00 0.00000000e+00 9.73000000e+02 1.26302924e+03 1.97300000e+03 2.90029241e-01 -9.29890563e+11 1.04263934e+12 
 55 4.543123391815e+10 8.260224348755e+08 49152 1268968 405570 31 4294967295 0 0                                                              "" 0.00000000e+00 0.00000000e+00 9.73000000e+02 1.26222248e+03 1.97300000e+03 2.89222483e-01 -9.32299542e+11 1.03711480e+12 
 56 4.625725635303e+10 8.260224348755e+08 49152 1268968 405570 31 4294967295 0 0                                                              "" 0.00000000e+00 0.00000000e+00 9.73000000e+02 1.26147252e+03 1.97300000e+03 2.88472519e-01 -9.34538943e+11 1.03197923e+12 
 57 4.708327878791e+10 8.260224348755e+08 49152 1268968 405570 30 4294967295 0 0                                                              "" 0.00000000e+00 0.00000000e+00 9.73000000e+02 1.26077535e+03 1.97300000e+03 2.87775347e-01 -9.36620713e+11 1.02720522e+12 
 58 4.790930122278e+10 8.260224348755e+08 49152 1268968 405570 30 4294967295 0 0                                                              "" 0.00000000e+00 0.00000000e+00 9.73000000e+02 1.26012725e+03 1.97300000e+03 2.87127247e-01 -9.38555958e+11 1.02276729e+12 
 59 4.873532365766e+10 8.260224348755e+08 49152 1268968 405570 30 4294967295 0 0                                                              "" 0.00000000e+00 0.00000000e+00 9.73000000e+02 1.25952476e+03 1.97300000e+03 2.86524763e-01 -9.40355000e+11 1.01864175e+12 
 60 4.956134609253e+10 8.260224348755e+08 49152 1268968 405570 30 4294967295 0 0                                                              "" 0.00000000e+00 0.00000000e+00 9.73000000e+02 1.25896468e+03 1.97300000e+03 2.85964681e-01 -9.42027431e+11 1.01480660e+12 
 61 5.038736852741e+10 8.260224348755e+08 49152 1268968 405570 30 4294967295 0 0 output-coolingsphere-aspect-e6af77b-gr3/solution/solution-00001 0.00000000e+00 0.00000000e+00 9.73000000e+02 1.25844401e+03 1.97300000e+03 2.85444014e-01 -9.43582169e+11 1.01124137e+12 
 62 5.121339096228e+10 8.260224348755e+08 49152 1268968 405570 30 4294967295 0 0                                                              "" 0.00000000e+00 0.00000000e+00 9.73000000e+02 1.25795999e+03 1.97300000e+03 2.84959987e-01 -9.45027501e+11 1.00792706e+12 
 63 5.203941339716e+10 8.260224348755e+08 49152 1268968 405570 30 4294967295 0 0                                                              "" 0.00000000e+00 0.00000000e+00 9.73000000e+02 1.25751002e+03 1.97300000e+03 2.84510020e-01 -9.46371131e+11 1.00484598e+12 
 64 5.286543583203e+10 8.260224348755e+08 49152 1268968 405570 29 4294967295 0 0                                                              "" 0.00000000e+00 0.00000000e+00 9.73000000e+02 1.25709171e+03 1.97300000e+03 2.84091714e-01 -9.47620220e+11 1.00198173e+12 
 65 5.369145826691e+10 8.260224348755e+08 49152 1268968 405570 29 4294967295 0 0                                                              "" 0.00000000e+00 0.00000000e+00 9.73000000e+02 1.25670284e+03 1.97300000e+03 2.83702841e-01 -9.48781423e+11 9.99319016e+11 
 66 5.451748070179e+10 8.260224348755e+08 49152 1268968 405570 29 4294967295 0 0                                                              "" 0.00000000e+00 0.00000000e+00 9.73000000e+02 1.25634133e+03 1.97300000e+03 2.83341329e-01 -9.49860926e+11 9.96843663e+11 
 67 5.534350313666e+10 8.260224348755e+08 49152 1268968 405570 29 4294967295 0 0                                                              "" 0.00000000e+00 0.00000000e+00 9.73000000e+02 1.25600525e+03 1.97300000e+03 2.83005251e-01 -9.50864482e+11 9.94542478e+11 
 68 5.616952557154e+10 8.260224348755e+08 49152 1268968 405570 29 4294967295 0 0                                                              "" 0.00000000e+00 0.00000000e+00 9.73000000e+02 1.25569282e+03 1.97300000e+03 2.82692817e-01 -9.51797435e+11 9.92403199e+11 
 69 5.699554800641e+10 8.260224348755e+08 49152 1268968 405570 29 4294967295 0 0                                                              "" 0.00000000e+00 0.00000000e+00 9.73000000e+02 1.25540236e+03 1.97300000e+03 2.82402363e-01 -9.52664754e+11 9.90414429e+11 
 70 5.782157044129e+10 8.260224348755e+08 49152 1268968 405570 28 4294967295 0 0                                                              "" 0.00000000e+00 0.00000000e+00 9.73000000e+02 1.25513234e+03 1.97300000e+03 2.82132343e-01 -9.53471059e+11 9.88565575e+11 
 71 5.864759287616e+10 8.260224348755e+08 49152 1268968 405570 28 4294967295 0 0                                                              "" 0.00000000e+00 0.00000000e+00 9.73000000e+02 1.25488132e+03 1.97300000e+03 2.81881317e-01 -9.54220643e+11 9.86846789e+11 
 72 5.947361531104e+10 8.260224348755e+08 49152 1268968 405570 28 4294967295 0 0                                                              "" 0.00000000e+00 0.00000000e+00 9.73000000e+02 1.25464795e+03 1.97300000e+03 2.81647950e-01 -9.54917498e+11 9.85248917e+11 
 73 6.029963774591e+10 8.260224348755e+08 49152 1268968 405570 28 4294967295 0 0                                                              "" 0.00000000e+00 0.00000000e+00 9.73000000e+02 1.25443100e+03 1.97300000e+03 2.81430999e-01 -9.55565334e+11 9.83763450e+11 
 74 6.112566018079e+10 8.260224348755e+08 49152 1268968 405570 28 4294967295 0 0                                                              "" 0.00000000e+00 0.00000000e+00 9.73000000e+02 1.25422931e+03 1.97300000e+03 2.81229309e-01 -9.56167601e+11 9.82382478e+11 
 75 6.195168261567e+10 8.260224348755e+08 49152 1268968 405570 28 4294967295 0 0                                                              "" 0.00000000e+00 0.00000000e+00 9.73000000e+02 1.25404181e+03 1.97300000e+03 2.81041806e-01 -9.56727504e+11 9.81098648e+11 
 76 6.277770505054e+10 8.260224348755e+08 49152 1268968 405570 28 4294967295 0 0                                                              "" 0.00000000e+00 0.00000000e+00 9.73000000e+02 1.25386749e+03 1.97300000e+03 2.80867491e-01 -9.57248023e+11 9.79905124e+11 
 77 6.360372748542e+10 8.260224348755e+08 49152 1268968 405570 28 4294967295 0 0                                                              "" 0.00000000e+00 0.00000000e+00 9.73000000e+02 1.25370544e+03 1.97300000e+03 2.80705438e-01 -9.57731931e+11 9.78795554e+11 
 78 6.442974992029e+10 8.260224348755e+08 49152 1268968 405570 27 4294967295 0 0                                                              "" 0.00000000e+00 0.00000000e+00 9.73000000e+02 1.25355478e+03 1.97300000e+03 2.80554783e-01 -9.58181803e+11 9.77764030e+11 
 79 6.525577235517e+10 8.260224348755e+08 49152 1268968 405570 27 4294967295 0 0                                                              "" 0.00000000e+00 0.00000000e+00 9.73000000e+02 1.25341472e+03 1.97300000e+03 2.80414724e-01 -9.58600032e+11 9.76805060e+11 
 80 6.608179479004e+10 8.260224348755e+08 49152 1268968 405570 27 4294967295 0 0                                                              "" 0.00000000e+00 0.00000000e+00 9.73000000e+02 1.25328452e+03 1.97300000e+03 2.80284517e-01 -9.58988846e+11 9.75913542e+11 
 81 6.690781722492e+10 8.260224348755e+08 49152 1268968 405570 27 4294967295 0 0                                                              "" 0.00000000e+00 0.00000000e+00 9.73000000e+02 1.25316347e+03 1.97300000e+03 2.80163467e-01 -9.59350313e+11 9.75084729e+11 
 82 6.773383965979e+10 8.260224348755e+08 49152 1268968 405570 27 4294967295 0 0                                                              "" 0.00000000e+00 0.00000000e+00 9.73000000e+02 1.25305093e+03 1.97300000e+03 2.80050931e-01 -9.59686357e+11 9.74314210e+11 
 83 6.855986209467e+10 8.260224348755e+08 49152 1268968 405570 27 4294967295 0 0                                                              "" 0.00000000e+00 0.00000000e+00 9.73000000e+02 1.25294631e+03 1.97300000e+03 2.79946310e-01 -9.59998766e+11 9.73597884e+11 
 84 6.938588452955e+10 8.260224348755e+08 49152 1268968 405570 27 4294967295 0 0                                                              "" 0.00000000e+00 0.00000000e+00 9.73000000e+02 1.25284905e+03 1.97300000e+03 2.79849047e-01 -9.60289203e+11 9.72931940e+11 
 85 7.021190696442e+10 8.260224348755e+08 49152 1268968 405570 27 4294967295 0 0                                                              "" 0.00000000e+00 0.00000000e+00 9.73000000e+02 1.25275863e+03 1.97300000e+03 2.79758625e-01 -9.60559214e+11 9.72312833e+11 
 86 7.103792939930e+10 8.260224348755e+08 49152 1268968 405570 26 4294967295 0 0                                                              "" 0.00000000e+00 0.00000000e+00 9.73000000e+02 1.25267456e+03 1.97300000e+03 2.79674562e-01 -9.60810234e+11 9.71737268e+11 
 87 7.186395183417e+10 8.260224348755e+08 49152 1268968 405570 26 4294967295 0 0                                                              "" 0.00000000e+00 0.00000000e+00 9.73000000e+02 1.25259641e+03 1.97300000e+03 2.79596412e-01 -9.61043601e+11 9.71202183e+11 
 88 7.268997426905e+10 8.260224348755e+08 49152 1268968 405570 26 4294967295 0 0                                                              "" 0.00000000e+00 0.00000000e+00 9.73000000e+02 1.25252376e+03 1.97300000e+03 2.79523757e-01 -9.61260555e+11 9.70704731e+11 
 89 7.351599670392e+10 8.260224348755e+08 49152 1268968 405570 26 4294967295 0 0                                                              "" 0.00000000e+00 0.00000000e+00 9.73000000e+02 1.25245621e+03 1.97300000e+03 2.79456212e-01 -9.61462252e+11 9.70242264e+11 
 90 7.434201913880e+10 8.260224348755e+08 49152 1268968 405570 26 4294967295 0 0                                                              "" 0.00000000e+00 0.00000000e+00 9.73000000e+02 1.25239342e+03 1.97300000e+03 2.79393418e-01 -9.61649763e+11 9.69812322e+11 
 91 7.516804157367e+10 8.260224348755e+08 49152 1268968 405570 26 4294967295 0 0                                                              "" 0.00000000e+00 0.00000000e+00 9.73000000e+02 1.25233504e+03 1.97300000e+03 2.79335039e-01 -9.61824087e+11 9.69412617e+11 
 92 7.599406400855e+10 8.260224348755e+08 49152 1268968 405570 26 4294967295 0 0                                                              "" 0.00000000e+00 0.00000000e+00 9.73000000e+02 1.25228077e+03 1.97300000e+03 2.79280767e-01 -9.61986152e+11 9.69041023e+11 
 93 7.682008644343e+10 8.260224348755e+08 49152 1268968 405570 26 4294967295 0 0                                                              "" 0.00000000e+00 0.00000000e+00 9.73000000e+02 1.25223031e+03 1.97300000e+03 2.79230311e-01 -9.62136819e+11 9.68695562e+11 
 94 7.764610887830e+10 8.260224348755e+08 49152 1268968 405570 25 4294967295 0 0                                                              "" 0.00000000e+00 0.00000000e+00 9.73000000e+02 1.25218340e+03 1.97300000e+03 2.79183403e-01 -9.62276890e+11 9.68374396e+11 
 95 7.847213131318e+10 8.260224348755e+08 49152 1268968 405570 25 4294967295 0 0                                                              "" 0.00000000e+00 0.00000000e+00 9.73000000e+02 1.25213979e+03 1.97300000e+03 2.79139795e-01 -9.62407111e+11 9.68075816e+11 
 96 7.929815374805e+10 8.260224348755e+08 49152 1268968 405570 25 4294967295 0 0                                                              "" 0.00000000e+00 0.00000000e+00 9.73000000e+02 1.25209925e+03 1.97300000e+03 2.79099253e-01 -9.62528174e+11 9.67798235e+11 
 97 8.012417618293e+10 8.260224348755e+08 49152 1268968 405570 25 4294967295 0 0                                                              "" 0.00000000e+00 0.00000000e+00 9.73000000e+02 1.25206156e+03 1.97300000e+03 2.79061562e-01 -9.62640723e+11 9.67540174e+11 
 98 8.095019861780e+10 8.260224348755e+08 49152 1268968 405570 25 4294967295 0 0                                                              "" 0.00000000e+00 0.00000000e+00 9.73000000e+02 1.25202652e+03 1.97300000e+03 2.79026522e-01 -9.62745357e+11 9.67300262e+11 
 99 8.177622105268e+10 8.260224348755e+08 49152 1268968 405570 25 4294967295 0 0                                                              "" 0.00000000e+00 0.00000000e+00 9.73000000e+02 1.25199395e+03 1.97300000e+03 2.78993946e-01 -9.62842632e+11 9.67077222e+11 
100 8.260224348755e+10 8.260224348755e+08 49152 1268968 405570 25 4294967295 0 0                                                              "" 0.00000000e+00 0.00000000e+00 9.73000000e+02 1.25196366e+03 1.97300000e+03 2.78963661e-01 -9.62933067e+11 9.66869867e+11 
101 8.342826592243e+10 8.260224348755e+08 49152 1268968 405570 25 4294967295 0 0                                                              "" 0.00000000e+00 0.00000000e+00 9.73000000e+02 1.25193551e+03 1.97300000e+03 2.78935505e-01 -9.63017142e+11 9.66677094e+11 
102 8.425428835730e+10 8.260224348755e+08 49152 1268968 405570 24 4294967295 0 0                                                              "" 0.00000000e+00 0.00000000e+00 9.73000000e+02 1.25190933e+03 1.97300000e+03 2.78909330e-01 -9.63095305e+11 9.66497878e+11 
103 8.508031079218e+10 8.260224348755e+08 49152 1268968 405570 24 4294967295 0 0                                                              "" 0.00000000e+00 0.00000000e+00 9.73000000e+02 1.25188500e+03 1.97300000e+03 2.78884995e-01 -9.63167971e+11 9.66331265e+11 
104 8.590633322706e+10 8.260224348755e+08 49152 1268968 405570 24 4294967295 0 0                                                              "" 0.00000000e+00 0.00000000e+00 9.73000000e+02 1.25186237e+03 1.97300000e+03 2.78862372e-01 -9.63235526e+11 9.66176369e+11 
105 8.673235566193e+10 8.260224348755e+08 49152 1268968 405570 24 4294967295 0 0                                                              "" 0.00000000e+00 0.00000000e+00 9.73000000e+02 1.25184134e+03 1.97300000e+03 2.78841340e-01 -9.63298331e+11 9.66032366e+11 
106 8.755837809681e+10 8.260224348755e+08 49152 1268968 405570 24 4294967295 0 0                                                              "" 0.00000000e+00 0.00000000e+00 9.73000000e+02 1.25182179e+03 1.97300000e+03 2.78821787e-01 -9.63356719e+11 9.65898490e+11 
107 8.838440053168e+10 8.260224348755e+08 49152 1268968 405570 24 4294967295 0 0                                                              "" 0.00000000e+00 0.00000000e+00 9.73000000e+02 1.25180361e+03 1.97300000e+03 2.78803608e-01 -9.63411002e+11 9.65774029e+11 
108 8.921042296656e+10 8.260224348755e+08 49152 1268968 405570 24 4294967295 0 0                                                              "" 0.00000000e+00 0.00000000e+00 9.73000000e+02 1.25178671e+03 1.97300000e+03 2.78786709e-01 -9.63461466e+11 9.65658320e+11 
109 9.003644540143e+10 8.260224348755e+08 49152 1268968 405570 24 4294967295 0 0                                                              "" 0.00000000e+00 0.00000000e+00 9.73000000e+02 1.25177100e+03 1.97300000e+03 2.78770997e-01 -9.63508383e+11 9.65550748e+11 
110 9.086246783631e+10 8.260224348755e+08 49152 1268968 405570 23 4294967295 0 0                                                              "" 0.00000000e+00 0.00000000e+00 9.73000000e+02 1.25175639e+03 1.97300000e+03 2.78756391e-01 -9.63551999e+11 9.65450741e+11 
111 9.168849027118e+10 8.260224348755e+08 49152 1268968 405570 23 4294967295 0 0                                                              "" 0.00000000e+00 0.00000000e+00 9.73000000e+02 1.25174281e+03 1.97300000e+03 2.78742811e-01 -9.63592549e+11 9.65357767e+11 
112 9.251451270606e+10 8.260224348755e+08 49152 1268968 405570 23 4294967295 0 0                                                              "" 0.00000000e+00 0.00000000e+00 9.73000000e+02 1.25173019e+03 1.97300000e+03 2.78730187e-01 -9.63630247e+11 9.65271330e+11 
113 9.334053514094e+10 8.260224348755e+08 49152 1268968 405570 23 4294967295 0 0                                                              "" 0.00000000e+00 0.00000000e+00 9.73000000e+02 1.25171845e+03 1.97300000e+03 2.78718450e-01 -9.63665294e+11 9.65190973e+11 
114 9.416655757581e+10 8.260224348755e+08 49152 1268968 405570 23 4294967295 0 0                                                              "" 0.00000000e+00 0.00000000e+00 9.73000000e+02 1.25170754e+03 1.97300000e+03 2.78707539e-01 -9.63697876e+11 9.65116266e+11 
115 9.499258001069e+10 8.260224348755e+08 49152 1268968 405570 23 4294967295 0 0                                                              "" 0.00000000e+00 0.00000000e+00 9.73000000e+02 1.25169740e+03 1.97300000e+03 2.78697395e-01 -9.63728167e+11 9.65046813e+11 
116 9.581860244556e+10 8.260224348755e+08 49152 1268968 405570 23 4294967295 0 0                                                              "" 0.00000000e+00 0.00000000e+00 9.73000000e+02 1.25168796e+03 1.97300000e+03 2.78687964e-01 -9.63756328e+11 9.64982244e+11 
117 9.664462488044e+10 8.260224348755e+08 49152 1268968 405570 23 4294967295 0 0                                                              "" 0.00000000e+00 0.00000000e+00 9.73000000e+02 1.25167920e+03 1.97300000e+03 2.78679197e-01 -9.63782509e+11 9.64922216e+11 
118 9.747064731531e+10 8.260224348755e+08 49152 1268968 405570 22 4294967295 0 0                                                              "" 0.00000000e+00 0.00000000e+00 9.73000000e+02 1.25167105e+03 1.97300000e+03 2.78671046e-01 -9.63806848e+11 9.64866409e+11 
119 9.829666975019e+10 8.260224348755e+08 49152 1268968 405570 22 4294967295 0 0                                                              "" 0.00000000e+00 0.00000000e+00 9.73000000e+02 1.25166347e+03 1.97300000e+03 2.78663468e-01 -9.63829476e+11 9.64814526e+11 
120 9.912269218506e+10 8.260224348755e+08 49152 1268968 405570 22 4294967295 0 0                                                              "" 0.00000000e+00 0.00000000e+00 9.73000000e+02 1.25165642e+03 1.97300000e+03 2.78656424e-01 -9.63850513e+11 9.64766292e+11 
121 9.994871461994e+10 8.260224348755e+08 49152 1268968 405570 22 4294967295 0 0                                                              "" 0.00000000e+00 0.00000000e+00 9.73000000e+02 1.25164987e+03 1.97300000e+03 2.78649874e-01 -9.63870070e+11 9.64721450e+11 
122 1.007747370548e+11 8.260224348755e+08 49152 1268968 405570 22 4294967295 0 0 output-coolingsphere-aspect-e6af77b-gr3/solution/solution-00002 0.00000000e+00 0.00000000e+00 9.73000000e+02 1.25164379e+03 1.97300000e+03 2.78643785e-01 -9.63888252e+11 9.64679762e+11 
123 1.016007594897e+11 8.260224348755e+08 49152 1268968 405570 22 4294967295 0 0                                                              "" 0.00000000e+00 0.00000000e+00 9.73000000e+02 1.25163812e+03 1.97300000e+03 2.78638125e-01 -9.63905155e+11 9.64641005e+11 
124 1.024267819246e+11 8.260224348755e+08 49152 1268968 405570 22 4294967295 0 0                                                              "" 0.00000000e+00 0.00000000e+00 9.73000000e+02 1.25163286e+03 1.97300000e+03 2.78632862e-01 -9.63920870e+11 9.64604973e+11 
125 1.032528043594e+11 8.260224348755e+08 49152 1268968 405570 22 4294967295 0 0                                                              "" 0.00000000e+00 0.00000000e+00 9.73000000e+02 1.25162797e+03 1.97300000e+03 2.78627970e-01 -9.63935480e+11 9.64571475e+11 
126 1.040788267943e+11 8.260224348755e+08 49152 1268968 405570 21 4294967295 0 0                                                              "" 0.00000000e+00 0.00000000e+00 9.73000000e+02 1.25162342e+03 1.97300000e+03 2.78623421e-01 -9.63949062e+11 9.64540333e+11 
127 1.049048492292e+11 8.260224348755e+08 49152 1268968 405570 21 4294967295 0 0                                                              "" 0.00000000e+00 0.00000000e+00 9.73000000e+02 1.25161919e+03 1.97300000e+03 2.78619193e-01 -9.63961689e+11 9.64511381e+11 
128 1.057308716641e+11 8.260224348755e+08 49152 1268968 405570 21 4294967295 0 0                                                              "" 0.00000000e+00 0.00000000e+00 9.73000000e+02 1.25161526e+03 1.97300000e+03 2.78615261e-01 -9.63973428e+11 9.64484465e+11 
129 1.065568940989e+11 8.260224348755e+08 49152 1268968 405570 21 4294967295 0 0                                                              "" 0.00000000e+00 0.00000000e+00 9.73000000e+02 1.25161161e+03 1.97300000e+03 2.78611606e-01 -9.63984342e+11 9.64459442e+11 
130 1.073829165338e+11 8.260224348755e+08 49152 1268968 405570 21 4294967295 0 0                                                              "" 0.00000000e+00 0.00000000e+00 9.73000000e+02 1.25160821e+03 1.97300000e+03 2.78608209e-01 -9.63994488e+11 9.64436178e+11 
131 1.082089389687e+11 8.260224348755e+08 49152 1268968 405570 21 4294967295 0 0                                                              "" 0.00000000e+00 0.00000000e+00 9.73000000e+02 1.25160505e+03 1.97300000e+03 2.78605050e-01 -9.64003921e+11 9.64414550e+11 
132 1.090349614036e+11 8.260224348755e+08 49152 1268968 405570 21 4294967295 0 0                                                              "" 0.00000000e+00 0.00000000e+00 9.73000000e+02 1.25160211e+03 1.97300000e+03 2.78602113e-01 -9.64012690e+11 9.64394444e+11 
133 1.098609838384e+11 8.260224348755e+08 49152 1268968 405570 21 4294967295 0 0                                                              "" 0.00000000e+00 0.00000000e+00 9.73000000e+02 1.25159938e+03 1.97300000e+03 2.78599383e-01 -9.64020843e+11 9.64375751e+11 
134 1.106870062733e+11 8.260224348755e+08 49152 1268968 405570 21 4294967295 0 0                                                              "" 0.00000000e+00 0.00000000e+00 9.73000000e+02 1.25159684e+03 1.97300000e+03 2.78596845e-01 -9.64028422e+11 9.64358372e+11 
135 1.115130287082e+11 8.260224348755e+08 49152 1268968 405570 20 4294967295 0 0                                                              "" 0.00000000e+00 0.00000000e+00 9.73000000e+02 1.25159449e+03 1.97300000e+03 2.78594485e-01 -9.64035468e+11 9.64342216e+11 
136 1.123390511431e+11 8.260224348755e+08 49152 1268968 405570 20 4294967295 0 0                                                              "" 0.00000000e+00 0.00000000e+00 9.73000000e+02 1.25159229e+03 1.97300000e+03 2.78592291e-01 -9.64042019e+11 9.64327196e+11 
137 1.131650735779e+11 8.260224348755e+08 49152 1268968 405570 20 4294967295 0 0                                                              "" 0.00000000e+00 0.00000000e+00 9.73000000e+02 1.25159025e+03 1.97300000e+03 2.78590252e-01 -9.64048110e+11 9.64313232e+11 
138 1.139910960128e+11 8.260224348755e+08 49152 1268968 405570 20 4294967295 0 0                                                              "" 0.00000000e+00 0.00000000e+00 9.73000000e+02 1.25158836e+03 1.97300000e+03 2.78588356e-01 -9.64053771e+11 9.64300250e+11 
139 1.148171184477e+11 8.260224348755e+08 49152 1268968 405570 20 4294967295 0 0                                                              "" 0.00000000e+00 0.00000000e+00 9.73000000e+02 1.25158659e+03 1.97300000e+03 2.78586593e-01 -9.64059035e+11 9.64288181e+11 
140 1.156431408826e+11 8.260224348755e+08 49152 1268968 405570 20 4294967295 0 0                                                              "" 0.00000000e+00 0.00000000e+00 9.73000000e+02 1.25158495e+03 1.97300000e+03 2.78584954e-01 -9.64063929e+11 9.64276961e+11 
141 1.164691633175e+11 8.260224348755e+08 49152 1268968 405570 20 4294967295 0 0                                                              "" 0.00000000e+00 0.00000000e+00 9.73000000e+02 1.25158343e+03 1.97300000e+03 2.78583431e-01 -9.64068478e+11 9.64266529e+11 
142 1.172951857523e+11 8.260224348755e+08 49152 1268968 405570 19 4294967295 0 0                                                              "" 0.00000000e+00 0.00000000e+00 9.73000000e+02 1.25158201e+03 1.97300000e+03 2.78582014e-01 -9.64072708e+11 9.64256832e+11 
143 1.181212081872e+11 8.260224348755e+08 49152 1268968 405570 19 4294967295 0 0                                                              "" 0.00000000e+00 0.00000000e+00 9.73000000e+02 1.25158070e+03 1.97300000e+03 2.78580697e-01 -9.64076640e+11 9.64247816e+11 
144 1.189472306221e+11 8.260224348755e+08 49152 1268968 405570 19 4294967295 0 0                                                              "" 0.00000000e+00 0.00000000e+00 9.73000000e+02 1.25157947e+03 1.97300000e+03 2.78579473e-01 -9.64080296e+11 9.64239434e+11 
145 1.197732530570e+11 8.260224348755e+08 49152 1268968 405570 19 4294967295 0 0                                                              "" 0.00000000e+00 0.00000000e+00 9.73000000e+02 1.25157834e+03 1.97300000e+03 2.78578335e-01 -9.64083694e+11 9.64231642e+11 
146 1.205992754918e+11 8.260224348755e+08 49152 1268968 405570 19 4294967295 0 0                                                              "" 0.00000000e+00 0.00000000e+00 9.73000000e+02 1.25157728e+03 1.97300000e+03 2.78577277e-01 -9.64086854e+11 9.64224397e+11 
147 1.214252979267e+11 8.260224348755e+08 49152 1268968 405570 19 4294967295 0 0                                                              "" 0.00000000e+00 0.00000000e+00 9.73000000e+02 1.25157629e+03 1.97300000e+03 2.78576293e-01 -9.64089791e+11 9.64217663e+11 
148 1.222513203616e+11 8.260224348755e+08 49152 1268968 405570 19 4294967295 0 0                                                              "" 0.00000000e+00 0.00000000e+00 9.73000000e+02 1.25157538e+03 1.97300000e+03 2.78575379e-01 -9.64092522e+11 9.64211401e+11 
149 1.230773427965e+11 8.260224348755e+08 49152 1268968 405570 19 4294967295 0 0                                                              "" 0.00000000e+00 0.00000000e+00 9.73000000e+02 1.25157453e+03 1.97300000e+03 2.78574529e-01 -9.64095061e+11 9.64205580e+11 
150 1.239033652313e+11 8.260224348755e+08 49152 1268968 405570 19 4294967295 0 0                                                              "" 0.00000000e+00 0.00000000e+00 9.73000000e+02 1.25157374e+03 1.97300000e+03 2.78573738e-01 -9.64097421e+11 9.64200169e+11 
151 1.247293876662e+11 8.260224348755e+08 49152 1268968 405570 18 4294967295 0 0                                                              "" 0.00000000e+00 0.00000000e+00 9.73000000e+02 1.25157300e+03 1.97300000e+03 2.78573003e-01 -9.64099615e+11 9.64195137e+11 
152 1.255554101011e+11 8.260224348755e+08 49152 1268968 405570 18 4294967295 0 0                                                              "" 0.00000000e+00 0.00000000e+00 9.73000000e+02 1.25157232e+03 1.97300000e+03 2.78572320e-01 -9.64101655e+11 9.64190460e+11 
153 1.263814325360e+11 8.260224348755e+08 49152 1268968 405570 18 4294967295 0 0                                                              "" 0.00000000e+00 0.00000000e+00 9.73000000e+02 1.25157169e+03 1.97300000e+03 2.78571685e-01 -9.64103552e+11 9.64186112e+11 
154 1.272074549708e+11 8.260224348755e+08 49152 1268968 405570 18 4294967295 0 0                                                              "" 0.00000000e+00 0.00000000e+00 9.73000000e+02 1.25157109e+03 1.97300000e+03 2.78571095e-01 -9.64105315e+11 9.64182069e+11 
155 1.280334774057e+11 8.260224348755e+08 49152 1268968 405570 18 4294967295 0 0                                                              "" 0.00000000e+00 0.00000000e+00 9.73000000e+02 1.25157055e+03 1.97300000e+03 2.78570546e-01 -9.64106954e+11 9.64178311e+11 
156 1.288594998406e+11 8.260224348755e+08 49152 1268968 405570 18 4294967295 0 0                                                              "" 0.00000000e+00 0.00000000e+00 9.73000000e+02 1.25157004e+03 1.97300000e+03 2.78570036e-01 -9.64108478e+11 9.64174817e+11 
157 1.296855222755e+11 8.260224348755e+08 49152 1268968 405570 18 4294967295 0 0                                                              "" 0.00000000e+00 0.00000000e+00 9.73000000e+02 1.25156956e+03 1.97300000e+03 2.78569561e-01 -9.64109894e+11 9.64171568e+11 
158 1.305115447103e+11 8.260224348755e+08 49152 1268968 405570 18 4294967295 0 0                                                              "" 0.00000000e+00 0.00000000e+00 9.73000000e+02 1.25156912e+03 1.97300000e+03 2.78569120e-01 -9.64111212e+11 9.64168548e+11 
159 1.313375671452e+11 8.260224348755e+08 49152 1268968 405570 17 4294967295 0 0                                                              "" 0.00000000e+00 0.00000000e+00 9.73000000e+02 1.25156871e+03 1.97300000e+03 2.78568710e-01 -9.64112436e+11 9.64165741e+11 
160 1.321635895801e+11 8.260224348755e+08 49152 1268968 405570 17 4294967295 0 0                                                              "" 0.00000000e+00 0.00000000e+00 9.73000000e+02 1.25156833e+03 1.97300000e+03 2.78568329e-01 -9.64113574e+11 9.64163131e+11 
161 1.329896120150e+11 8.260224348755e+08 49152 1268968 405570 17 4294967295 0 0                                                              "" 0.00000000e+00 0.00000000e+00 9.73000000e+02 1.25156797e+03 1.97300000e+03 2.78567974e-01 -9.64114633e+11 9.64160704e+11 
162 1.338156344498e+11 8.260224348755e+08 49152 1268968 405570 17 4294967295 0 0                                                              "" 0.00000000e+00 0.00000000e+00 9.73000000e+02 1.25156764e+03 1.97300000e+03 2.78567645e-01 -9.64115617e+11 9.64158448e+11 
163 1.346416568847e+11 8.260224348755e+08 49152 1268968 405570 17 4294967295 0 0                                                              "" 0.00000000e+00 0.00000000e+00 9.73000000e+02 1.25156734e+03 1.97300000e+03 2.78567339e-01 -9.64116531e+11 9.64156351e+11 
164 1.354676793196e+11 8.260224348755e+08 49152 1268968 405570 17 4294967295 0 0                                                              "" 0.00000000e+00 0.00000000e+00 9.73000000e+02 1.25156705e+03 1.97300000e+03 2.78567054e-01 -9.64117382e+11 9.64154401e+11 
165 1.362937017545e+11 8.260224348755e+08 49152 1268968 405570 17 4294967295 0 0                                                              "" 0.00000000e+00 0.00000000e+00 9.73000000e+02 1.25156679e+03 1.97300000e+03 2.78566789e-01 -9.64118172e+11 9.64152589e+11 
166 1.371197241893e+11 8.260224348755e+08 49152 1268968 405570 17 4294967295 0 0                                                              "" 0.00000000e+00 0.00000000e+00 9.73000000e+02 1.25156654e+03 1.97300000e+03 2.78566543e-01 -9.64118907e+11 9.64150903e+11 
167 1.379457466242e+11 8.260224348755e+08 49152 1268968 405570 16 4294967295 0 0                                                              "" 0.00000000e+00 0.00000000e+00 9.73000000e+02 1.25156631e+03 1.97300000e+03 2.78566314e-01 -9.64119591e+11 9.64149337e+11 
168 1.387717690591e+11 8.260224348755e+08 49152 1268968 405570 16 4294967295 0 0                                                              "" 0.00000000e+00 0.00000000e+00 9.73000000e+02 1.25156610e+03 1.97300000e+03 2.78566101e-01 -9.64120226e+11 9.64147880e+11 
169 1.395977914940e+11 8.260224348755e+08 49152 1268968 405570 16 4294967295 0 0                                                              "" 0.00000000e+00 0.00000000e+00 9.73000000e+02 1.25156590e+03 1.97300000e+03 2.78565904e-01 -9.64120816e+11 9.64146526e+11 
170 1.404238139288e+11 8.260224348755e+08 49152 1268968 405570 16 4294967295 0 0                                                              "" 0.00000000e+00 0.00000000e+00 9.73000000e+02 1.25156572e+03 1.97300000e+03 2.78565720e-01 -9.64121365e+11 9.64145267e+11 
171 1.412498363637e+11 8.260224348755e+08 49152 1268968 405570 16 4294967295 0 0                                                              "" 0.00000000e+00 0.00000000e+00 9.73000000e+02 1.25156555e+03 1.97300000e+03 2.78565549e-01 -9.64121876e+11 9.64144097e+11 
172 1.420758587986e+11 8.260224348755e+08 49152 1268968 405570 16 4294967295 0 0                                                              "" 0.00000000e+00 0.00000000e+00 9.73000000e+02 1.25156539e+03 1.97300000e+03 2.78565390e-01 -9.64122350e+11 9.64143009e+11 
173 1.429018812335e+11 8.260224348755e+08 49152 1268968 405570 16 4294967295 0 0                                                              "" 0.00000000e+00 0.00000000e+00 9.73000000e+02 1.25156524e+03 1.97300000e+03 2.78565242e-01 -9.64122792e+11 9.64141997e+11 
174 1.437279036683e+11 8.260224348755e+08 49152 1268968 405570 16 4294967295 0 0                                                              "" 0.00000000e+00 0.00000000e+00 9.73000000e+02 1.25156510e+03 1.97300000e+03 2.78565105e-01 -9.64123202e+11 9.64141057e+11 
175 1.445539261032e+11 8.260224348755e+08 49152 1268968 405570 15 4294967295 0 0                                                              "" 0.00000000e+00 0.00000000e+00 9.73000000e+02 1.25156498e+03 1.97300000e+03 2.78564977e-01 -9.64123583e+11 9.64140182e+11 
176 1.453799485381e+11 8.260224348755e+08 49152 1268968 405570 15 4294967295 0 0                                                              "" 0.00000000e+00 0.00000000e+00 9.73000000e+02 1.25156486e+03 1.97300000e+03 2.78564858e-01 -9.64123938e+11 9.64139370e+11 
177 1.462059709730e+11 8.260224348755e+08 49152 1268968 405570 15 4294967295 0 0                                                              "" 0.00000000e+00 0.00000000e+00 9.73000000e+02 1.25156475e+03 1.97300000e+03 2.78564748e-01 -9.64124267e+11 9.64138614e+11 
178 1.470319934078e+11 8.260224348755e+08 49152 1268968 405570 15 4294967295 0 0                                                              "" 0.00000000e+00 0.00000000e+00 9.73000000e+02 1.25156465e+03 1.97300000e+03 2.78564645e-01 -9.64124574e+11 9.64137911e+11 
179 1.478580158427e+11 8.260224348755e+08 49152 1268968 405570 15 4294967295 0 0                                                              "" 0.00000000e+00 0.00000000e+00 9.73000000e+02 1.25156455e+03 1.97300000e+03 2.78564550e-01 -9.64124858e+11 9.64137258e+11 
180 1.486840382776e+11 8.260224348755e+08 49152 1268968 405570 15 4294967295 0 0                                                              "" 0.00000000e+00 0.00000000e+00 9.73000000e+02 1.25156446e+03 1.97300000e+03 2.78564461e-01 -9.64125123e+11 9.64136651e+11 
181 1.495100607125e+11 8.260224348755e+08 49152 1268968 405570 15 4294967295 0 0                                                              "" 0.00000000e+00 0.00000000e+00 9.73000000e+02 1.25156438e+03 1.97300000e+03 2.78564379e-01 -9.64125369e+11 9.64136087e+11 
182 1.503360831473e+11 8.260224348755e+08 49152 1268968 405570 15 4294967295 0 0 output-coolingsphere-aspect-e6af77b-gr3/solution/solution-00003 0.00000000e+00 0.00000000e+00 9.73000000e+02 1.25156430e+03 1.97300000e+03 2.78564302e-01 -9.64125598e+11 9.64135562e+11 
183 1.511621055822e+11 8.260224348755e+08 49152 1268968 405570 15 4294967295 0 0                                                              "" 0.00000000e+00 0.00000000e+00 9.73000000e+02 1.25156423e+03 1.97300000e+03 2.78564231e-01 -9.64125811e+11 9.64135074e+11 
184 1.519881280171e+11 8.260224348755e+08 49152 1268968 405570 14 4294967295 0 0                                                              "" 0.00000000e+00 0.00000000e+00 9.73000000e+02 1.25156416e+03 1.97300000e+03 2.78564165e-01 -9.64126009e+11 9.64134620e+11 
185 1.528141504520e+11 8.260224348755e+08 49152 1268968 405570 14 4294967295 0 0                                                              "" 0.00000000e+00 0.00000000e+00 9.73000000e+02 1.25156410e+03 1.97300000e+03 2.78564103e-01 -9.64126193e+11 9.64134199e+11 
186 1.536401728868e+11 8.260224348755e+08 49152 1268968 405570 14 4294967295 0 0                                                              "" 0.00000000e+00 0.00000000e+00 9.73000000e+02 1.25156405e+03 1.97300000e+03 2.78564046e-01 -9.64126364e+11 9.64133807e+11 
187 1.544661953217e+11 8.260224348755e+08 49152 1268968 405570 14 4294967295 0 0                                                              "" 0.00000000e+00 0.00000000e+00 9.73000000e+02 1.25156399e+03 1.97300000e+03 2.78563993e-01 -9.64126523e+11 9.64133442e+11 
188 1.552922177566e+11 8.260224348755e+08 49152 1268968 405570 14 4294967295 0 0                                                              "" 0.00000000e+00 0.00000000e+00 9.73000000e+02 1.25156394e+03 1.97300000e+03 2.78563943e-01 -9.64126670e+11 9.64133103e+11 
189 1.561182401915e+11 8.260224348755e+08 49152 1268968 405570 14 4294967295 0 0                                                              "" 0.00000000e+00 0.00000000e+00 9.73000000e+02 1.25156390e+03 1.97300000e+03 2.78563897e-01 -9.64126808e+11 9.64132788e+11 
190 1.569442626264e+11 8.260224348755e+08 49152 1268968 405570 14 4294967295 0 0                                                              "" 0.00000000e+00 0.00000000e+00 9.73000000e+02 1.25156385e+03 1.97300000e+03 2.78563854e-01 -9.64126936e+11 9.64132496e+11 
191 1.577702850612e+11 8.260224348755e+08 49152 1268968 405570 13 4294967295 0 0                                                              "" 0.00000000e+00 0.00000000e+00 9.73000000e+02 1.25156381e+03 1.97300000e+03 2.78563815e-01 -9.64127054e+11 9.64132223e+11 
192 1.585963074961e+11 8.260224348755e+08 49152 1268968 405570 13 4294967295 0 0                                                              "" 0.00000000e+00 0.00000000e+00 9.73000000e+02 1.25156378e+03 1.97300000e+03 2.78563778e-01 -9.64127165e+11 9.64131970e+11 
193 1.594223299310e+11 8.260224348755e+08 49152 1268968 405570 13 4294967295 0 0                                                              "" 0.00000000e+00 0.00000000e+00 9.73000000e+02 1.25156374e+03 1.97300000e+03 2.78563743e-01 -9.64127267e+11 9.64131735e+11 
194 1.602483523659e+11 8.260224348755e+08 49152 1268968 405570 13 4294967295 0 0                                                              "" 0.00000000e+00 0.00000000e+00 9.73000000e+02 1.25156371e+03 1.97300000e+03 2.78563711e-01 -9.64127363e+11 9.64131516e+11 
195 1.610743748007e+11 8.260224348755e+08 49152 1268968 405570 13 4294967295 0 0                                                              "" 0.00000000e+00 0.00000000e+00 9.73000000e+02 1.25156368e+03 1.97300000e+03 2.78563682e-01 -9.64127451e+11 9.64131313e+11 
196 1.619003972356e+11 8.260224348755e+08 49152 1268968 405570 13 4294967295 0 0                                                              "" 0.00000000e+00 0.00000000e+00 9.73000000e+02 1.25156365e+03 1.97300000e+03 2.78563654e-01 -9.64127534e+11 9.64131124e+11 
197 1.627264196705e+11 8.260224348755e+08 49152 1268968 405570 13 4294967295 0 0                                                              "" 0.00000000e+00 0.00000000e+00 9.73000000e+02 1.25156363e+03 1.97300000e+03 2.78563628e-01 -9.64127611e+11 9.64130948e+11 
198 1.635524421054e+11 8.260224348755e+08 49152 1268968 405570 13 4294967295 0 0                                                              "" 0.00000000e+00 0.00000000e+00 9.73000000e+02 1.25156360e+03 1.97300000e+03 2.78563604e-01 -9.64127682e+11 9.64130785e+11 
199 1.643784645402e+11 8.260224348755e+08 49152 1268968 405570 13 4294967295 0 0                                                              "" 0.00000000e+00 0.00000000e+00 9.73000000e+02 1.25156358e+03 1.97300000e+03 2.78563582e-01 -9.64127748e+11 9.64130633e+11 
200 1.652044869751e+11 8.260224348755e+08 49152 1268968 405570 12 4294967295 0 0                                                              "" 0.00000000e+00 0.00000000e+00 9.73000000e+02 1.25156356e+03 1.97300000e+03 2.78563562e-01 -9.64127810e+11 9.64130491e+11 
201 1.660305094100e+11 8.260224348755e+08 49152 1268968 405570 12 4294967295 0 0                                                              "" 0.00000000e+00 0.00000000e+00 9.73000000e+02 1.25156354e+03 1.97300000e+03 2.78563542e-01 -9.64127867e+11 9.64130360e+11 
202 1.668565318449e+11 8.260224348755e+08 49152 1268968 405570 12 4294967295 0 0                                                              "" 0.00000000e+00 0.00000000e+00 9.73000000e+02 1.25156352e+03 1.97300000e+03 2.78563525e-01 -9.64127920e+11 9.64130238e+11 
203 1.676825542797e+11 8.260224348755e+08 49152 1268968 405570 12 4294967295 0 0                                                              "" 0.00000000e+00 0.00000000e+00 9.73000000e+02 1.25156351e+03 1.97300000e+03 2.78563508e-01 -9.64127970e+11 9.64130124e+11 
204 1.685085767146e+11 8.260224348755e+08 49152 1268968 405570 12 4294967295 0 0                                                              "" 0.00000000e+00 0.00000000e+00 9.73000000e+02 1.25156349e+03 1.97300000e+03 2.78563493e-01 -9.64128016e+11 9.64130019e+11 
205 1.693345991495e+11 8.260224348755e+08 49152 1268968 405570 12 4294967295 0 0                                                              "" 0.00000000e+00 0.00000000e+00 9.73000000e+02 1.25156348e+03 1.97300000e+03 2.78563478e-01 -9.64128058e+11 9.64129921e+11 
206 1.701606215844e+11 8.260224348755e+08 49152 1268968 405570 12 4294967295 0 0                                                              "" 0.00000000e+00 0.00000000e+00 9.73000000e+02 1.25156346e+03 1.97300000e+03 2.78563465e-01 -9.64128098e+11 9.64129830e+11 
207 1.709866440192e+11 8.260224348755e+08 49152 1268968 405570 12 4294967295 0 0                                                              "" 0.00000000e+00 0.00000000e+00 9.73000000e+02 1.25156345e+03 1.97300000e+03 2.78563453e-01 -9.64128135e+11 9.64129745e+11 
208 1.718126664541e+11 8.260224348755e+08 49152 1268968 405570 11 4294967295 0 0                                                              "" 0.00000000e+00 0.00000000e+00 9.73000000e+02 1.25156344e+03 1.97300000e+03 2.78563441e-01 -9.64128170e+11 9.64129666e+11 
209 1.726386888890e+11 8.260224348755e+08 49152 1268968 405570 11 4294967295 0 0                                                              "" 0.00000000e+00 0.00000000e+00 9.73000000e+02 1.25156343e+03 1.97300000e+03 2.78563430e-01 -9.64128202e+11 9.64129593e+11 
210 1.734647113239e+11 8.260224348755e+08 49152 1268968 405570 11 4294967295 0 0                                                              "" 0.00000000e+00 0.00000000e+00 9.73000000e+02 1.25156342e+03 1.97300000e+03 2.78563420e-01 -9.64128231e+11 9.64129525e+11 
211 1.742907337587e+11 8.260224348755e+08 49152 1268968 405570 11 4294967295 0 0                                                              "" 0.00000000e+00 0.00000000e+00 9.73000000e+02 1.25156341e+03 1.97300000e+03 2.78563411e-01 -9.64128259e+11 9.64129461e+11 
212 1.751167561936e+11 8.260224348755e+08 49152 1268968 405570 11 4294967295 0 0                                                              "" 0.00000000e+00 0.00000000e+00 9.73000000e+02 1.25156340e+03 1.97300000e+03 2.78563403e-01 -9.64128285e+11 9.64129402e+11 
213 1.759427786285e+11 8.260224348755e+08 49152 1268968 405570 11 4294967295 0 0                                                              "" 0.00000000e+00 0.00000000e+00 9.73000000e+02 1.25156339e+03 1.97300000e+03 2.78563395e-01 -9.64128308e+11 9.64129348e+11 
214 1.767688010634e+11 8.260224348755e+08 49152 1268968 405570 11 4294967295 0 0                                                              "" 0.00000000e+00 0.00000000e+00 9.73000000e+02 1.25156339e+03 1.97300000e+03 2.78563387e-01 -9.64128331e+11 9.64129297e+11 
215 1.775948234982e+11 8.260224348755e+08 49152 1268968 405570 11 4294967295 0 0                                                              "" 0.00000000e+00 0.00000000e+00 9.73000000e+02 1.25156338e+03 1.97300000e+03 2.78563380e-01 -9.64128351e+11 9.64129250e+11 
216 1.784208459331e+11 8.260224348755e+08 49152 1268968 405570 10 4294967295 0 0                                                              "" 0.00000000e+00 0.00000000e+00 9.73000000e+02 1.25156337e+03 1.97300000e+03 2.78563374e-01 -9.64128370e+11 9.64129206e+11 
217 1.792468683680e+11 8.260224348755e+08 49152 1268968 405570 10 4294967295 0 0                                                              "" 0.00000000e+00 0.00000000e+00 9.73000000e+02 1.25156337e+03 1.97300000e+03 2.78563368e-01 -9.64128388e+11 9.64129165e+11 
218 1.800728908029e+11 8.260224348755e+08 49152 1268968 405570 10 4294967295 0 0                                                              "" 0.00000000e+00 0.00000000e+00 9.73000000e+02 1.25156336e+03 1.97300000e+03 2.78563362e-01 -9.64128405e+11 9.64129127e+11 
219 1.808989132377e+11 8.260224348755e+08 49152 1268968 405570 10 4294967295 0 0                                                              "" 0.00000000e+00 0.00000000e+00 9.73000000e+02 1.25156336e+03 1.97300000e+03 2.78563357e-01 -9.64128420e+11 9.64129091e+11 
220 1.817249356726e+11 8.260224348755e+08 49152 1268968 405570 10 4294967295 0 0                                                              "" 0.00000000e+00 0.00000000e+00 9.73000000e+02 1.25156335e+03 1.97300000e+03 2.78563352e-01 -9.64128435e+11 9.64129058e+11 
221 1.825509581075e+11 8.260224348755e+08 49152 1268968 405570 10 4294967295 0 0                                                              "" 0.00000000e+00 0.00000000e+00 9.73000000e+02 1.25156335e+03 1.97300000e+03 2.78563348e-01 -9.64128448e+11 9.64129028e+11 
222 1.833769805424e+11 8.260224348755e+08 49152 1268968 405570 10 4294967295 0 0                                                              "" 0.00000000e+00 0.00000000e+00 9.73000000e+02 1.25156334e+03 1.97300000e+03 2.78563344e-01 -9.64128460e+11 9.64129000e+11 
223 1.842030029772e+11 8.260224348755e+08 49152 1268968 405570 10 4294967295 0 0                                                              "" 0.00000000e+00 0.00000000e+00 9.73000000e+02 1.25156334e+03 1.97300000e+03 2.78563340e-01 -9.64128472e+11 9.64128973e+11 
224 1.850290254121e+11 8.260224348755e+08 49152 1268968 405570 10 4294967295 0 0                                                              "" 0.00000000e+00 0.00000000e+00 9.73000000e+02 1.25156334e+03 1.97300000e+03 2.78563336e-01 -9.64128483e+11 9.64128949e+11 
225 1.858550478470e+11 8.260224348755e+08 49152 1268968 405570  9 4294967295 0 0                                                              "" 0.00000000e+00 0.00000000e+00 9.73000000e+02 1.25156333e+03 1.97300000e+03 2.78563333e-01 -9.64128493e+11 9.64128926e+11 
226 1.866810702819e+11 8.260224348755e+08 49152 1268968 405570  9 4294967295 0 0                                                              "" 0.00000000e+00 0.00000000e+00 9.73000000e+02 1.25156333e+03 1.97300000e+03 2.78563330e-01 -9.64128502e+11 9.64128905e+11 
227 1.875070927167e+11 8.260224348755e+08 49152 1268968 405570  9 4294967295 0 0                                                              "" 0.00000000e+00 0.00000000e+00 9.73000000e+02 1.25156333e+03 1.97300000e+03 2.78563327e-01 -9.64128510e+11 9.64128885e+11 
228 1.883331151516e+11 8.260224348755e+08 49152 1268968 405570  9 4294967295 0 0                                                              "" 0.00000000e+00 0.00000000e+00 9.73000000e+02 1.25156332e+03 1.97300000e+03 2.78563324e-01 -9.64128518e+11 9.64128866e+11 
229 1.891591375865e+11 8.260224348755e+08 49152 1268968 405570  9 4294967295 0 0                                                              "" 0.00000000e+00 0.00000000e+00 9.73000000e+02 1.25156332e+03 1.97300000e+03 2.78563322e-01 -9.64128526e+11 9.64128849e+11 
230 1.899851600214e+11 8.260224348755e+08 49152 1268968 405570  9 4294967295 0 0                                                              "" 0.00000000e+00 0.00000000e+00 9.73000000e+02 1.25156332e+03 1.97300000e+03 2.78563319e-01 -9.64128533e+11 9.64128834e+11 
231 1.908111824562e+11 8.260224348755e+08 49152 1268968 405570  9 4294967295 0 0                                                              "" 0.00000000e+00 0.00000000e+00 9.73000000e+02 1.25156332e+03 1.97300000e+03 2.78563317e-01 -9.64128539e+11 9.64128819e+11 
232 1.916372048911e+11 8.260224348755e+08 49152 1268968 405570  8 4294967295 0 0                                                              "" 0.00000000e+00 0.00000000e+00 9.73000000e+02 1.25156332e+03 1.97300000e+03 2.78563315e-01 -9.64128545e+11 9.64128805e+11 
233 1.924632273260e+11 8.260224348755e+08 49152 1268968 405570  8 4294967295 0 0                                                              "" 0.00000000e+00 0.00000000e+00 9.73000000e+02 1.25156331e+03 1.97300000e+03 2.78563313e-01 -9.64128551e+11 9.64128792e+11 
234 1.932892497609e+11 8.260224348755e+08 49152 1268968 405570  8 4294967295 0 0                                                              "" 0.00000000e+00 0.00000000e+00 9.73000000e+02 1.25156331e+03 1.97300000e+03 2.78563312e-01 -9.64128556e+11 9.64128781e+11 
235 1.941152721958e+11 8.260224348755e+08 49152 1268968 405570  8 4294967295 0 0                                                              "" 0.00000000e+00 0.00000000e+00 9.73000000e+02 1.25156331e+03 1.97300000e+03 2.78563310e-01 -9.64128561e+11 9.64128770e+11 
236 1.949412946306e+11 8.260224348755e+08 49152 1268968 405570  8 4294967295 0 0                                                              "" 0.00000000e+00 0.00000000e+00 9.73000000e+02 1.25156331e+03 1.97300000e+03 2.78563309e-01 -9.64128565e+11 9.64128759e+11 
237 1.957673170655e+11 8.260224348755e+08 49152 1268968 405570  8 4294967295 0 0                                                              "" 0.00000000e+00 0.00000000e+00 9.73000000e+02 1.25156331e+03 1.97300000e+03 2.78563307e-01 -9.64128569e+11 9.64128750e+11 
238 1.965933395004e+11 8.260224348755e+08 49152 1268968 405570  8 4294967295 0 0                                                              "" 0.00000000e+00 0.00000000e+00 9.73000000e+02 1.25156331e+03 1.97300000e+03 2.78563306e-01 -9.64128573e+11 9.64128741e+11 
239 1.974193619353e+11 8.260224348755e+08 49152 1268968 405570  8 4294967295 0 0                                                              "" 0.00000000e+00 0.00000000e+00 9.73000000e+02 1.25156330e+03 1.97300000e+03 2.78563305e-01 -9.64128577e+11 9.64128733e+11 
240 1.982453843701e+11 8.260224348755e+08 49152 1268968 405570  7 4294967295 0 0                                                              "" 0.00000000e+00 0.00000000e+00 9.73000000e+02 1.25156330e+03 1.97300000e+03 2.78563304e-01 -9.64128580e+11 9.64128725e+11 
241 1.990714068050e+11 8.260224348755e+08 49152 1268968 405570  7 4294967295 0 0                                                              "" 0.00000000e+00 0.00000000e+00 9.73000000e+02 1.25156330e+03 1.97300000e+03 2.78563303e-01 -9.64128583e+11 9.64128718e+11 
242 1.998974292399e+11 8.260224348755e+08 49152 1268968 405570  7 4294967295 0 0                                                              "" 0.00000000e+00 0.00000000e+00 9.73000000e+02 1.25156330e+03 1.97300000e+03 2.78563302e-01 -9.64128586e+11 9.64128711e+11 
243 2.000000000000e+11 1.025707601205e+08 49152 1268968 405570  2 4294967295 0 0 output-coolingsphere-aspect-e6af77b-gr3/solution/solution-00004 0.00000000e+00 0.00000000e+00 9.73000000e+02 1.25156330e+03 1.97300000e+03 2.78563302e-01 -9.64128586e+11 9.64128711e+11 
